--------------Fold 1----------------
Full feature f1 score micro: 0.7256
Fold selected standard PSO f1 score micro: 0.7107
Fold selected super PSO f1 score micro: 0.6954
Time of standard PSO: 65.1900
Time of super PSO: 63.6800
Selection standard PSO ratio: 0.36
Selection super PSO ratio: 0.32
Selected features standard PSO: 3, 11, 12, 13, 15, 18, 19, 20, 23, 26, 27, 28, 31, 33, 35, 39, 40, 41, 47, 48, 49, 50, 52, 54, 59, 60, 62, 63, 65, 68, 76, 79, 82, 90, 94, 96, 99, 101, 102, 107, 112, 114, 118, 119, 120, 123, 126, 129, 131, 132, 135, 136, 139, 141, 143, 145, 146, 147, 149, 150, 151, 152, 158, 159, 163, 170, 175, 178, 179, 182, 185, 186, 188, 192, 196, 197, 201, 205, 207, 208, 210, 211, 213, 215, 217, 218, 226, 228, 230, 231, 237, 238, 240, 247, 253, 255, 265, 269, 273, 276, 278, 279, 284, 286, 288, 290
Selected features super PSO: 0, 1, 2, 5, 14, 16, 21, 24, 29, 30, 31, 32, 33, 34, 39, 41, 45, 47, 51, 56, 59, 60, 61, 64, 67, 71, 74, 75, 76, 77, 86, 87, 94, 97, 98, 99, 100, 101, 102, 106, 107, 109, 117, 118, 129, 140, 142, 144, 148, 153, 162, 166, 171, 182, 184, 195, 197, 200, 202, 203, 210, 212, 214, 215, 216, 217, 223, 226, 229, 232, 233, 234, 235, 238, 239, 242, 247, 251, 255, 261, 265, 266, 272, 274, 276, 279, 281, 283, 284, 285, 286, 288, 291, 293
--------------Fold 2----------------
Full feature f1 score micro: 0.7477
Fold selected standard PSO f1 score micro: 0.7280
Fold selected super PSO f1 score micro: 0.7375
Time of standard PSO: 66.4700
Time of super PSO: 64.7500
Selection standard PSO ratio: 0.43
Selection super PSO ratio: 0.41
Selected features standard PSO: 3, 6, 7, 9, 10, 11, 14, 16, 17, 18, 20, 21, 22, 26, 27, 31, 32, 33, 36, 40, 44, 46, 47, 48, 49, 53, 60, 61, 64, 65, 69, 73, 75, 78, 79, 80, 81, 83, 85, 89, 90, 91, 94, 95, 96, 97, 100, 101, 103, 104, 105, 106, 108, 111, 117, 119, 124, 126, 128, 129, 131, 137, 138, 141, 143, 144, 146, 148, 151, 152, 153, 154, 156, 157, 158, 159, 160, 162, 164, 167, 169, 170, 171, 173, 176, 180, 181, 186, 188, 189, 192, 196, 198, 200, 201, 204, 206, 207, 212, 213, 217, 220, 224, 230, 232, 233, 234, 237, 238, 244, 252, 253, 257, 258, 259, 260, 261, 263, 273, 274, 278, 281, 284, 287, 289
Selected features super PSO: 0, 1, 2, 5, 11, 14, 18, 21, 28, 29, 30, 31, 32, 34, 35, 37, 40, 41, 43, 44, 45, 49, 51, 52, 53, 57, 60, 61, 62, 63, 65, 67, 69, 71, 77, 79, 81, 82, 83, 84, 88, 92, 94, 99, 105, 109, 110, 112, 113, 115, 117, 118, 121, 123, 126, 130, 132, 135, 145, 146, 149, 155, 156, 160, 161, 164, 165, 171, 172, 173, 174, 176, 177, 179, 180, 186, 187, 188, 189, 191, 196, 204, 205, 208, 209, 210, 213, 216, 218, 219, 221, 222, 226, 228, 231, 232, 233, 234, 235, 236, 239, 240, 241, 246, 247, 249, 252, 255, 257, 262, 263, 264, 266, 275, 276, 279, 280, 284, 286, 288, 290, 292
--------------Fold 3----------------
Full feature f1 score micro: 0.7150
Fold selected standard PSO f1 score micro: 0.6836
Fold selected super PSO f1 score micro: 0.6890
Time of standard PSO: 64.0100
Time of super PSO: 67.5900
Selection standard PSO ratio: 0.45
Selection super PSO ratio: 0.44
Selected features standard PSO: 2, 5, 7, 8, 10, 11, 13, 15, 19, 20, 23, 24, 25, 26, 31, 32, 33, 35, 39, 44, 47, 48, 49, 51, 53, 56, 58, 63, 64, 65, 67, 75, 77, 79, 81, 82, 83, 84, 85, 87, 92, 93, 95, 99, 100, 101, 106, 108, 110, 111, 114, 116, 117, 118, 123, 127, 128, 129, 132, 133, 134, 135, 138, 139, 140, 146, 151, 152, 153, 155, 156, 157, 158, 160, 161, 162, 163, 170, 172, 174, 175, 179, 180, 184, 186, 191, 193, 194, 195, 197, 201, 203, 205, 208, 212, 213, 215, 218, 220, 223, 228, 231, 234, 235, 239, 240, 242, 243, 245, 246, 247, 248, 249, 253, 254, 256, 257, 258, 259, 260, 264, 266, 268, 269, 271, 277, 282, 285, 287, 288, 293
Selected features super PSO: 1, 2, 3, 9, 10, 16, 17, 20, 22, 29, 30, 32, 36, 39, 42, 44, 48, 49, 50, 51, 53, 54, 57, 60, 61, 62, 64, 71, 74, 80, 81, 82, 84, 86, 87, 88, 89, 91, 100, 101, 102, 103, 104, 105, 107, 109, 111, 113, 114, 116, 118, 120, 121, 123, 125, 128, 129, 133, 134, 135, 136, 138, 139, 140, 142, 146, 147, 150, 151, 155, 156, 160, 162, 165, 169, 170, 177, 178, 179, 181, 182, 183, 187, 190, 192, 193, 198, 199, 202, 203, 204, 206, 207, 211, 212, 214, 218, 221, 222, 223, 225, 229, 232, 237, 239, 241, 242, 247, 249, 250, 251, 253, 254, 255, 256, 260, 261, 263, 264, 267, 270, 271, 272, 274, 278, 282, 288, 290
--------------Fold 4----------------
Full feature f1 score micro: 0.6976
Fold selected standard PSO f1 score micro: 0.6653
Fold selected super PSO f1 score micro: 0.7000
Time of standard PSO: 65.5500
Time of super PSO: 64.9700
Selection standard PSO ratio: 0.41
Selection super PSO ratio: 0.37
Selected features standard PSO: 0, 3, 4, 5, 7, 10, 17, 18, 19, 21, 23, 26, 29, 31, 32, 33, 34, 35, 37, 38, 43, 45, 46, 48, 49, 50, 60, 63, 65, 66, 67, 68, 69, 70, 73, 75, 76, 77, 78, 81, 82, 85, 86, 90, 92, 95, 98, 99, 103, 106, 107, 108, 109, 112, 119, 120, 123, 127, 128, 129, 131, 132, 134, 138, 151, 152, 153, 154, 155, 156, 157, 160, 161, 167, 168, 169, 174, 176, 179, 180, 183, 185, 186, 188, 193, 194, 195, 196, 197, 204, 210, 216, 222, 224, 225, 228, 230, 231, 237, 241, 245, 249, 250, 251, 253, 257, 261, 262, 263, 265, 266, 271, 272, 273, 274, 276, 277, 279, 280, 281, 285, 287
Selected features super PSO: 3, 4, 7, 8, 9, 18, 19, 22, 26, 27, 28, 30, 32, 35, 37, 38, 41, 47, 50, 54, 55, 56, 68, 72, 73, 83, 84, 86, 87, 92, 93, 94, 106, 107, 110, 114, 115, 116, 119, 121, 123, 124, 125, 126, 131, 132, 133, 135, 137, 139, 142, 147, 151, 155, 156, 157, 158, 159, 161, 168, 172, 176, 177, 181, 184, 189, 193, 197, 199, 202, 210, 213, 215, 216, 220, 222, 226, 227, 228, 229, 230, 231, 232, 233, 236, 242, 247, 249, 250, 251, 254, 256, 258, 260, 261, 263, 266, 267, 268, 270, 273, 274, 275, 281, 282, 287, 291, 292
--------------Fold 5----------------
Full feature f1 score micro: 0.7356
Fold selected standard PSO f1 score micro: 0.7098
Fold selected super PSO f1 score micro: 0.7097
Time of standard PSO: 64.4500
Time of super PSO: 70.7300
Selection standard PSO ratio: 0.37
Selection super PSO ratio: 0.38
Selected features standard PSO: 1, 2, 4, 9, 10, 12, 13, 14, 15, 16, 19, 23, 25, 27, 29, 30, 31, 35, 39, 45, 47, 48, 56, 57, 61, 68, 70, 73, 76, 77, 80, 83, 85, 87, 88, 93, 94, 98, 103, 104, 105, 112, 113, 116, 122, 124, 125, 128, 131, 133, 135, 139, 143, 145, 149, 153, 155, 160, 161, 163, 167, 168, 169, 170, 171, 177, 180, 181, 182, 183, 185, 186, 190, 194, 198, 200, 201, 204, 206, 216, 224, 228, 229, 230, 232, 233, 234, 235, 241, 242, 247, 248, 250, 253, 254, 259, 262, 265, 268, 269, 273, 274, 275, 276, 277, 280, 287, 289
Selected features super PSO: 0, 2, 5, 8, 15, 18, 19, 20, 21, 25, 26, 28, 30, 31, 33, 34, 38, 39, 41, 42, 49, 50, 53, 54, 59, 61, 66, 72, 73, 77, 79, 80, 86, 93, 96, 97, 103, 104, 106, 110, 111, 112, 114, 117, 120, 121, 123, 124, 125, 133, 135, 138, 141, 145, 146, 147, 149, 150, 151, 154, 156, 161, 162, 164, 166, 167, 168, 173, 174, 178, 179, 183, 186, 189, 190, 191, 193, 201, 204, 205, 206, 209, 211, 221, 222, 225, 228, 231, 232, 234, 235, 236, 237, 238, 239, 242, 245, 246, 249, 250, 251, 252, 254, 259, 263, 266, 269, 274, 284, 290, 291, 292
--------------Average----------------
Ave Full Accuracy: 0.7243
Ave Standard PSO Selection Accuracy: 0.6995
Ave Super PSO Selection Accuracy: 0.7063
Ave time of Standard PSO: 65.1340
Ave time of Super PSO: 66.3440
Ave Standard PSO Feature Ratio: 0.40
Ave Super PSO Feature Ratio: 0.38
