--------------Fold 1----------------
Full feature f1 score micro: 0.5789
Fold selected standard PSO f1 score micro: 0.5044
Fold selected super PSO f1 score micro: 0.7812
Time of standard PSO: 36.7800
Time of super PSO: 39.7100
Selection standard PSO ratio: 0.41
Selection super PSO ratio: 0.34
Selected features standard PSO: 0, 5, 6, 14, 15, 18, 20, 21, 24, 27, 30, 33, 35, 36, 42, 45, 47, 50, 51, 52, 53, 54, 57, 58, 59, 62, 64, 65, 67, 68, 70, 72, 74, 77, 80, 81, 83, 87, 88, 89, 90, 96, 100, 101, 104, 106, 107, 110, 113, 114, 115, 116, 119, 122, 130, 131, 133, 136, 138, 140, 142, 144, 147, 149, 150, 152, 154, 157, 158, 160, 167, 168, 169, 172, 173, 175, 176, 177, 178, 179, 181, 182, 186, 187, 191, 192, 193, 198, 199, 200, 201, 203, 204, 205, 209, 210, 212, 213, 216, 218, 220, 223, 227, 228, 229, 237, 240, 242, 243, 244, 246, 250, 253, 260, 263, 265, 278, 280, 281, 283, 284, 287, 288, 293, 296, 299, 300, 314, 316, 317, 322, 327, 330, 331, 340, 344, 347, 348, 349, 352, 353, 357, 364, 374, 376, 378, 379, 384, 385, 386, 388, 389, 392, 394, 396, 400, 401, 404, 406, 411, 414, 417, 418, 420, 421, 424, 425, 427, 428, 432, 435, 436, 438, 440, 443, 446, 447, 448, 449, 454, 458, 462, 464, 465, 467, 468, 469, 472, 474, 475, 476, 479, 480, 482, 483, 489, 494, 497, 505, 508, 510, 512, 516, 520, 522, 529, 537, 538, 541, 545, 546, 550, 553, 555, 559, 560, 561, 563, 566, 574, 575, 581, 586, 587, 589, 591, 592, 597, 600, 601, 606, 611, 612, 616, 617, 619, 620, 622, 628, 630, 635, 639, 640, 641, 650, 653, 655, 658, 659, 660, 665, 667, 671, 672, 673, 674, 675, 676, 680, 681, 683, 684, 687, 689, 691, 692, 693, 695, 696, 698, 704, 706, 710, 712, 713, 714, 717, 719, 721, 722, 723, 725, 728, 729, 730, 731, 734, 743, 746, 748, 749, 752, 753, 755, 757, 759, 760, 761, 767, 770, 771, 772, 773, 776, 777, 779, 786, 789, 790, 791, 792, 793, 799, 803, 805, 809, 811, 814, 815, 816, 817, 818, 819, 820, 821, 822, 823, 824, 826, 827, 829, 832, 834, 835, 839, 840, 841, 843, 845, 847, 849, 851, 852, 854, 855, 858, 862, 864, 865, 866, 867, 869, 874, 875, 878, 882, 883, 886, 887, 889, 892, 894, 897, 899, 903, 905, 907, 909, 910, 911, 912, 913, 914, 917, 918, 919, 923, 930, 937, 939, 940, 941, 946, 949, 950, 962, 963, 967, 968, 970, 973, 974, 975, 976, 978, 980, 982, 984, 986, 991, 993, 996, 997, 1000, 1002, 1003, 1004, 1006, 1011, 1012, 1013, 1017, 1019, 1022, 1024, 1025, 1029, 1031, 1032, 1033, 1035, 1036, 1039, 1041, 1044, 1051, 1053, 1055, 1057, 1064, 1067, 1068, 1072, 1073, 1075, 1076, 1078, 1084, 1088, 1093, 1094, 1096, 1097, 1098, 1102, 1106, 1108, 1109, 1111, 1113, 1115, 1116, 1117, 1118, 1120, 1121, 1124, 1125, 1126, 1128, 1130, 1132, 1133, 1135, 1137, 1138, 1140, 1141, 1144, 1145, 1146, 1147, 1149, 1156, 1163, 1164, 1165, 1168, 1177, 1178, 1179, 1180, 1181, 1185
Selected features super PSO: 0, 1, 5, 6, 7, 12, 14, 17, 19, 20, 31, 35, 40, 41, 43, 46, 51, 56, 64, 66, 67, 68, 71, 78, 82, 84, 85, 87, 88, 96, 97, 99, 100, 103, 104, 105, 106, 109, 110, 117, 120, 123, 124, 125, 130, 133, 134, 136, 142, 147, 150, 151, 154, 156, 160, 161, 164, 168, 171, 172, 175, 178, 181, 182, 183, 184, 186, 188, 190, 192, 193, 196, 197, 204, 205, 206, 209, 213, 215, 228, 230, 239, 242, 248, 249, 253, 257, 262, 264, 265, 276, 279, 282, 285, 286, 288, 295, 299, 300, 301, 305, 307, 308, 317, 324, 327, 329, 332, 334, 339, 350, 351, 352, 358, 362, 366, 372, 374, 380, 381, 384, 385, 387, 389, 390, 395, 396, 402, 403, 407, 408, 410, 414, 420, 423, 431, 432, 433, 434, 437, 442, 443, 444, 449, 454, 457, 465, 470, 472, 479, 481, 484, 490, 492, 494, 497, 501, 505, 506, 507, 508, 510, 512, 516, 517, 519, 523, 528, 531, 534, 537, 542, 543, 547, 548, 549, 550, 552, 554, 559, 561, 565, 567, 571, 574, 579, 580, 585, 587, 588, 591, 593, 596, 602, 603, 606, 607, 616, 618, 619, 624, 627, 630, 637, 641, 642, 643, 646, 649, 651, 666, 667, 671, 673, 674, 676, 677, 679, 680, 690, 693, 695, 699, 700, 704, 705, 706, 707, 708, 712, 713, 717, 720, 721, 722, 723, 725, 726, 728, 731, 732, 733, 735, 738, 740, 741, 742, 747, 756, 761, 763, 764, 765, 767, 771, 772, 774, 780, 785, 786, 787, 792, 796, 799, 800, 801, 802, 804, 808, 809, 815, 820, 821, 824, 827, 830, 837, 841, 842, 843, 844, 845, 847, 848, 850, 852, 855, 856, 859, 864, 872, 873, 876, 880, 883, 885, 889, 891, 896, 897, 899, 903, 905, 910, 912, 913, 916, 917, 921, 924, 928, 929, 930, 931, 933, 935, 937, 939, 940, 941, 942, 948, 950, 951, 953, 954, 957, 968, 976, 978, 981, 982, 993, 994, 996, 999, 1002, 1010, 1011, 1012, 1013, 1016, 1018, 1021, 1026, 1030, 1032, 1033, 1035, 1036, 1039, 1044, 1045, 1047, 1049, 1050, 1055, 1056, 1058, 1059, 1060, 1063, 1065, 1067, 1070, 1074, 1077, 1079, 1084, 1085, 1086, 1091, 1095, 1098, 1101, 1103, 1104, 1106, 1113, 1119, 1120, 1126, 1130, 1131, 1132, 1133, 1134, 1135, 1138, 1140, 1144, 1145, 1146, 1148, 1150, 1154, 1159, 1163, 1166, 1170, 1174, 1180, 1182
--------------Fold 2----------------
Full feature f1 score micro: 0.5839
Fold selected standard PSO f1 score micro: 0.7592
Fold selected super PSO f1 score micro: 0.7541
Time of standard PSO: 39.4200
Time of super PSO: 42.6300
Selection standard PSO ratio: 0.41
Selection super PSO ratio: 0.34
Selected features standard PSO: 2, 3, 5, 7, 8, 9, 15, 16, 17, 18, 20, 21, 24, 27, 28, 29, 34, 35, 37, 39, 40, 42, 43, 45, 46, 49, 61, 64, 73, 74, 76, 82, 88, 91, 93, 96, 97, 99, 101, 103, 107, 110, 112, 116, 117, 118, 125, 129, 130, 131, 134, 135, 136, 138, 140, 142, 143, 146, 151, 152, 154, 156, 157, 159, 162, 165, 166, 167, 169, 171, 172, 176, 178, 181, 182, 185, 189, 190, 191, 193, 194, 196, 200, 206, 208, 209, 211, 214, 216, 218, 219, 220, 223, 225, 227, 228, 230, 232, 236, 240, 242, 243, 244, 246, 248, 253, 254, 256, 258, 259, 260, 263, 264, 270, 273, 274, 276, 277, 279, 284, 287, 290, 292, 293, 294, 295, 297, 302, 303, 304, 305, 310, 311, 312, 313, 314, 317, 320, 324, 325, 335, 336, 338, 342, 344, 347, 352, 357, 359, 361, 363, 364, 366, 367, 369, 370, 372, 374, 377, 378, 382, 383, 386, 387, 388, 399, 405, 406, 407, 409, 413, 415, 418, 420, 422, 424, 425, 429, 430, 431, 433, 447, 450, 451, 453, 455, 456, 457, 458, 462, 467, 468, 472, 475, 477, 478, 479, 480, 482, 486, 487, 489, 491, 492, 494, 496, 497, 499, 502, 503, 511, 512, 518, 521, 523, 524, 531, 532, 533, 534, 537, 539, 544, 545, 547, 548, 551, 552, 554, 560, 564, 565, 566, 567, 570, 571, 577, 578, 580, 583, 585, 586, 587, 588, 591, 592, 593, 595, 597, 599, 601, 608, 609, 613, 615, 616, 618, 619, 620, 622, 624, 625, 633, 636, 637, 639, 640, 643, 647, 650, 658, 660, 661, 663, 664, 666, 670, 671, 672, 675, 676, 680, 682, 685, 688, 689, 691, 693, 694, 695, 698, 699, 703, 705, 706, 708, 709, 711, 715, 716, 717, 718, 721, 722, 723, 731, 736, 739, 745, 747, 750, 751, 753, 758, 759, 760, 768, 775, 778, 779, 780, 781, 782, 785, 787, 788, 803, 808, 809, 811, 813, 815, 816, 817, 820, 822, 823, 824, 826, 828, 830, 831, 835, 836, 838, 839, 841, 842, 844, 847, 852, 853, 854, 856, 858, 863, 865, 868, 869, 870, 873, 876, 884, 886, 887, 888, 889, 890, 891, 892, 893, 894, 895, 896, 899, 902, 904, 906, 909, 911, 913, 914, 917, 918, 922, 927, 929, 933, 937, 938, 940, 941, 942, 943, 944, 945, 946, 948, 949, 950, 953, 954, 955, 957, 960, 961, 962, 964, 966, 969, 971, 973, 975, 976, 982, 984, 987, 992, 993, 994, 995, 996, 997, 999, 1000, 1004, 1007, 1008, 1009, 1011, 1016, 1039, 1040, 1043, 1045, 1046, 1050, 1052, 1054, 1056, 1057, 1060, 1063, 1066, 1068, 1069, 1071, 1073, 1074, 1081, 1083, 1084, 1085, 1089, 1091, 1092, 1094, 1097, 1103, 1109, 1110, 1112, 1114, 1115, 1117, 1119, 1129, 1131, 1132, 1133, 1134, 1135, 1136, 1139, 1143, 1148, 1149, 1150, 1151, 1156, 1157, 1163, 1164, 1168, 1172, 1174, 1176, 1178, 1179, 1184, 1185
Selected features super PSO: 1, 2, 3, 8, 16, 17, 18, 20, 21, 23, 27, 33, 36, 42, 43, 48, 49, 52, 55, 56, 57, 59, 60, 63, 67, 72, 73, 82, 83, 93, 95, 97, 98, 100, 102, 103, 104, 107, 108, 110, 111, 112, 116, 118, 119, 120, 124, 130, 137, 151, 153, 157, 159, 162, 163, 164, 168, 173, 174, 175, 177, 179, 181, 187, 188, 195, 199, 210, 214, 215, 219, 222, 231, 238, 239, 250, 252, 254, 255, 258, 269, 272, 273, 277, 280, 282, 295, 296, 299, 300, 304, 306, 307, 308, 312, 313, 318, 322, 323, 324, 327, 328, 332, 334, 335, 336, 337, 338, 343, 345, 346, 356, 357, 358, 363, 365, 366, 372, 374, 376, 377, 382, 384, 387, 390, 391, 397, 399, 406, 410, 414, 415, 418, 422, 427, 431, 432, 436, 437, 440, 442, 446, 447, 450, 452, 455, 458, 462, 469, 471, 480, 481, 482, 484, 487, 489, 490, 492, 493, 494, 496, 497, 499, 502, 504, 505, 507, 509, 511, 512, 517, 518, 521, 524, 525, 526, 527, 529, 536, 546, 552, 555, 557, 560, 563, 565, 567, 569, 571, 572, 576, 584, 585, 586, 587, 588, 589, 596, 611, 613, 614, 623, 625, 629, 630, 632, 636, 639, 641, 643, 645, 646, 648, 649, 651, 655, 656, 659, 660, 661, 662, 664, 667, 673, 676, 677, 679, 681, 692, 693, 694, 698, 700, 701, 702, 703, 704, 710, 714, 715, 716, 719, 724, 727, 730, 732, 734, 735, 737, 742, 743, 746, 747, 750, 753, 755, 757, 758, 764, 768, 771, 772, 776, 779, 781, 785, 793, 801, 803, 805, 812, 813, 814, 821, 822, 825, 828, 829, 830, 834, 838, 844, 845, 846, 848, 850, 855, 858, 859, 860, 863, 868, 879, 880, 881, 882, 883, 885, 886, 887, 889, 891, 893, 894, 898, 900, 901, 903, 905, 906, 908, 909, 912, 915, 916, 917, 930, 931, 933, 934, 936, 942, 943, 946, 947, 950, 951, 952, 954, 957, 958, 960, 963, 964, 966, 967, 969, 979, 985, 992, 993, 997, 1000, 1002, 1009, 1014, 1015, 1016, 1017, 1018, 1020, 1025, 1027, 1029, 1030, 1035, 1037, 1045, 1048, 1060, 1064, 1065, 1066, 1069, 1070, 1071, 1072, 1073, 1077, 1081, 1082, 1087, 1092, 1093, 1094, 1099, 1100, 1102, 1104, 1111, 1122, 1125, 1126, 1135, 1138, 1142, 1143, 1147, 1149, 1153, 1158, 1160, 1162, 1163, 1164, 1165, 1167, 1168, 1171, 1172, 1175, 1176, 1177, 1179, 1181, 1183, 1184, 1185
--------------Fold 3----------------
Full feature f1 score micro: 0.5448
Fold selected standard PSO f1 score micro: 0.4667
Fold selected super PSO f1 score micro: 0.5030
Time of standard PSO: 46.1300
Time of super PSO: 42.9700
Selection standard PSO ratio: 0.38
Selection super PSO ratio: 0.40
Selected features standard PSO: 2, 9, 17, 26, 28, 29, 31, 35, 37, 38, 39, 43, 48, 49, 52, 53, 54, 56, 58, 62, 64, 65, 71, 73, 75, 80, 82, 84, 91, 94, 95, 96, 98, 100, 102, 103, 104, 107, 108, 110, 111, 112, 113, 114, 115, 116, 117, 118, 124, 125, 126, 133, 136, 139, 141, 143, 144, 146, 147, 152, 153, 158, 160, 162, 163, 169, 172, 174, 175, 178, 183, 185, 187, 188, 189, 191, 192, 194, 196, 198, 199, 202, 205, 206, 209, 213, 216, 218, 221, 222, 223, 225, 228, 230, 236, 238, 239, 242, 243, 246, 250, 255, 256, 261, 266, 269, 272, 275, 276, 279, 280, 281, 284, 287, 289, 290, 293, 295, 296, 298, 300, 301, 302, 304, 305, 306, 307, 311, 312, 313, 317, 319, 323, 324, 325, 326, 332, 334, 335, 339, 342, 343, 345, 347, 350, 352, 354, 358, 359, 360, 365, 366, 368, 369, 371, 372, 373, 375, 376, 381, 382, 384, 385, 388, 389, 395, 397, 399, 401, 404, 405, 406, 409, 411, 417, 420, 425, 426, 429, 435, 439, 442, 444, 447, 448, 454, 455, 456, 459, 462, 464, 466, 480, 483, 486, 487, 488, 489, 490, 491, 498, 500, 501, 505, 506, 507, 512, 514, 515, 516, 523, 524, 526, 531, 534, 540, 543, 546, 548, 556, 557, 560, 561, 562, 563, 564, 566, 568, 570, 575, 577, 578, 582, 583, 585, 601, 605, 608, 609, 614, 616, 618, 621, 625, 626, 627, 631, 633, 636, 637, 639, 644, 646, 651, 655, 656, 658, 660, 661, 668, 669, 670, 671, 672, 676, 677, 680, 683, 688, 689, 691, 693, 698, 699, 702, 703, 704, 705, 709, 714, 719, 724, 727, 732, 733, 736, 738, 745, 749, 755, 756, 760, 765, 766, 768, 769, 770, 772, 774, 777, 779, 780, 782, 783, 784, 786, 787, 790, 792, 795, 797, 804, 806, 811, 812, 818, 819, 822, 823, 824, 825, 827, 831, 832, 838, 841, 842, 844, 847, 848, 849, 850, 859, 863, 864, 867, 869, 870, 872, 874, 875, 876, 878, 879, 881, 882, 883, 886, 888, 891, 895, 898, 899, 900, 904, 905, 908, 911, 912, 913, 914, 918, 922, 924, 925, 930, 932, 935, 937, 938, 943, 947, 949, 953, 957, 962, 965, 968, 970, 977, 979, 986, 987, 992, 993, 994, 997, 999, 1005, 1007, 1008, 1013, 1014, 1017, 1018, 1021, 1025, 1026, 1028, 1031, 1037, 1041, 1042, 1043, 1044, 1046, 1047, 1048, 1060, 1064, 1066, 1070, 1072, 1075, 1077, 1080, 1084, 1087, 1093, 1094, 1096, 1097, 1098, 1100, 1104, 1108, 1109, 1110, 1117, 1121, 1122, 1128, 1129, 1130, 1131, 1134, 1141, 1143, 1147, 1148, 1150, 1152, 1153, 1157, 1159, 1161, 1169, 1170, 1176, 1178, 1181, 1184
Selected features super PSO: 0, 4, 7, 8, 10, 15, 21, 24, 28, 38, 40, 41, 42, 44, 50, 53, 57, 58, 60, 61, 62, 63, 64, 67, 68, 69, 71, 74, 77, 78, 79, 81, 82, 86, 87, 89, 90, 92, 95, 96, 97, 98, 100, 109, 111, 112, 114, 118, 120, 121, 123, 124, 125, 128, 129, 130, 133, 136, 138, 139, 140, 151, 156, 157, 162, 166, 167, 168, 169, 170, 171, 174, 176, 177, 179, 180, 181, 183, 184, 190, 191, 193, 194, 195, 198, 200, 202, 203, 210, 212, 214, 217, 218, 227, 228, 232, 233, 234, 242, 243, 248, 250, 251, 253, 254, 255, 260, 261, 262, 264, 265, 266, 268, 271, 274, 276, 277, 280, 284, 291, 297, 298, 300, 302, 303, 306, 308, 312, 314, 317, 319, 321, 322, 323, 324, 325, 330, 331, 335, 337, 340, 342, 347, 354, 355, 356, 358, 359, 365, 368, 370, 371, 372, 374, 375, 377, 378, 379, 383, 384, 388, 390, 391, 392, 393, 394, 397, 398, 399, 402, 403, 405, 406, 411, 417, 419, 422, 428, 431, 433, 434, 435, 438, 439, 441, 445, 446, 448, 449, 450, 451, 453, 456, 460, 461, 462, 465, 467, 468, 472, 476, 478, 481, 482, 483, 486, 492, 493, 501, 506, 512, 516, 519, 522, 529, 530, 532, 536, 537, 538, 540, 544, 545, 546, 548, 550, 553, 558, 559, 560, 561, 562, 564, 565, 573, 576, 577, 580, 581, 585, 588, 590, 597, 599, 602, 604, 608, 609, 611, 612, 615, 617, 622, 625, 628, 632, 633, 636, 637, 641, 642, 643, 647, 649, 652, 657, 658, 660, 661, 667, 672, 673, 675, 676, 679, 684, 688, 690, 691, 694, 703, 705, 706, 709, 711, 713, 715, 718, 724, 726, 728, 732, 734, 735, 737, 740, 744, 746, 747, 748, 749, 751, 755, 756, 759, 760, 761, 763, 765, 766, 768, 769, 771, 772, 773, 774, 777, 778, 781, 782, 789, 790, 792, 793, 797, 799, 800, 801, 802, 803, 805, 809, 810, 811, 813, 814, 815, 819, 824, 829, 833, 835, 838, 840, 841, 842, 843, 847, 849, 850, 851, 852, 853, 854, 864, 868, 869, 873, 874, 876, 878, 881, 882, 886, 893, 898, 904, 906, 908, 910, 911, 912, 914, 915, 917, 918, 920, 928, 930, 933, 934, 935, 937, 938, 941, 942, 944, 945, 946, 950, 955, 960, 961, 963, 964, 965, 970, 974, 975, 976, 977, 979, 981, 984, 988, 989, 992, 993, 999, 1004, 1006, 1008, 1024, 1025, 1027, 1028, 1029, 1035, 1036, 1041, 1045, 1048, 1050, 1051, 1052, 1056, 1057, 1060, 1061, 1064, 1065, 1066, 1068, 1073, 1076, 1077, 1079, 1082, 1086, 1089, 1094, 1099, 1101, 1104, 1106, 1107, 1109, 1111, 1112, 1115, 1117, 1121, 1126, 1130, 1132, 1135, 1137, 1138, 1143, 1146, 1147, 1150, 1152, 1153, 1154, 1156, 1160, 1162, 1164, 1165, 1168, 1171, 1175, 1176, 1178, 1180, 1181, 1183, 1184, 1185
--------------Fold 4----------------
Full feature f1 score micro: 0.5826
Fold selected standard PSO f1 score micro: 0.7319
Fold selected super PSO f1 score micro: 0.7542
Time of standard PSO: 41.6900
Time of super PSO: 39.3300
Selection standard PSO ratio: 0.37
Selection super PSO ratio: 0.40
Selected features standard PSO: 4, 5, 6, 8, 11, 13, 16, 18, 19, 20, 23, 28, 32, 33, 36, 37, 38, 41, 44, 49, 52, 55, 56, 57, 58, 60, 66, 67, 70, 72, 74, 78, 79, 84, 86, 89, 90, 92, 93, 95, 96, 98, 100, 101, 104, 106, 107, 108, 110, 114, 117, 121, 125, 127, 130, 135, 143, 150, 151, 157, 161, 163, 164, 165, 166, 167, 168, 169, 170, 171, 173, 174, 176, 177, 189, 195, 196, 199, 200, 201, 202, 208, 210, 211, 213, 214, 216, 221, 222, 223, 226, 234, 235, 237, 238, 244, 246, 253, 254, 257, 260, 262, 267, 268, 270, 273, 274, 276, 285, 286, 287, 288, 291, 294, 299, 301, 303, 304, 305, 306, 311, 317, 318, 319, 323, 324, 327, 328, 330, 332, 333, 338, 340, 342, 348, 349, 360, 364, 367, 376, 380, 383, 384, 387, 396, 397, 404, 405, 410, 412, 415, 416, 420, 422, 423, 424, 427, 429, 438, 440, 441, 442, 446, 447, 450, 451, 452, 453, 456, 459, 460, 462, 466, 469, 471, 473, 475, 487, 488, 493, 496, 497, 498, 500, 501, 505, 508, 514, 515, 520, 521, 523, 524, 525, 528, 530, 531, 533, 534, 535, 540, 542, 546, 549, 554, 556, 558, 559, 561, 562, 564, 566, 570, 575, 576, 578, 579, 580, 583, 585, 586, 587, 589, 590, 598, 602, 603, 606, 610, 612, 613, 615, 616, 619, 629, 633, 634, 635, 637, 639, 640, 643, 645, 648, 649, 650, 653, 655, 656, 657, 658, 659, 660, 665, 668, 669, 670, 674, 675, 678, 679, 681, 686, 691, 694, 697, 698, 699, 702, 703, 707, 709, 710, 716, 720, 722, 723, 726, 728, 729, 731, 732, 739, 742, 746, 747, 751, 752, 757, 761, 762, 764, 768, 771, 774, 775, 776, 778, 785, 787, 792, 795, 801, 803, 806, 811, 812, 819, 827, 835, 837, 838, 840, 842, 852, 858, 859, 860, 861, 864, 869, 871, 872, 873, 874, 880, 883, 891, 893, 894, 897, 904, 905, 907, 908, 909, 910, 913, 915, 922, 928, 932, 933, 936, 938, 943, 945, 948, 951, 956, 962, 964, 970, 974, 975, 978, 979, 980, 983, 986, 987, 989, 991, 993, 994, 996, 1005, 1006, 1009, 1011, 1013, 1014, 1022, 1025, 1027, 1028, 1029, 1030, 1034, 1038, 1044, 1047, 1049, 1050, 1060, 1062, 1063, 1064, 1065, 1067, 1068, 1073, 1076, 1078, 1079, 1081, 1084, 1094, 1097, 1101, 1104, 1105, 1107, 1108, 1115, 1117, 1118, 1119, 1122, 1123, 1128, 1130, 1135, 1138, 1139, 1144, 1146, 1147, 1148, 1150, 1153, 1154, 1155, 1156, 1158, 1161, 1163, 1165, 1166, 1168, 1176, 1178, 1180, 1182, 1183, 1184, 1185
Selected features super PSO: 1, 2, 5, 11, 12, 13, 17, 18, 25, 26, 27, 28, 29, 33, 35, 36, 38, 40, 42, 47, 48, 50, 51, 53, 57, 60, 61, 62, 65, 68, 70, 71, 74, 79, 82, 84, 85, 87, 89, 91, 92, 93, 97, 99, 101, 106, 107, 112, 113, 114, 115, 117, 118, 119, 121, 122, 124, 127, 129, 133, 135, 138, 146, 148, 151, 152, 159, 167, 168, 172, 175, 177, 182, 188, 189, 196, 198, 199, 204, 205, 206, 208, 209, 210, 212, 213, 214, 218, 219, 222, 224, 227, 229, 231, 232, 233, 240, 241, 253, 260, 262, 263, 266, 269, 271, 273, 274, 276, 278, 282, 286, 288, 289, 291, 293, 300, 304, 305, 306, 315, 318, 321, 324, 327, 329, 330, 332, 333, 334, 337, 342, 348, 350, 353, 355, 359, 360, 362, 363, 367, 368, 370, 372, 374, 377, 378, 381, 382, 389, 391, 396, 398, 400, 402, 403, 404, 405, 408, 409, 410, 416, 417, 421, 422, 423, 425, 426, 430, 433, 435, 444, 445, 449, 450, 452, 454, 456, 460, 462, 464, 468, 470, 471, 474, 475, 476, 478, 479, 489, 494, 498, 499, 500, 502, 508, 510, 512, 514, 516, 518, 525, 526, 527, 530, 533, 534, 537, 548, 549, 550, 551, 555, 556, 557, 559, 561, 564, 565, 568, 569, 571, 573, 574, 575, 576, 577, 579, 580, 581, 582, 585, 586, 587, 592, 594, 597, 600, 606, 607, 609, 610, 611, 613, 615, 617, 621, 624, 626, 634, 638, 639, 640, 642, 644, 645, 647, 648, 650, 651, 652, 656, 657, 658, 661, 662, 663, 665, 666, 667, 668, 669, 670, 671, 673, 674, 678, 680, 682, 687, 691, 698, 699, 700, 705, 706, 707, 708, 711, 712, 713, 716, 718, 719, 720, 721, 729, 730, 733, 734, 735, 740, 743, 744, 746, 751, 754, 755, 757, 760, 761, 770, 773, 776, 780, 784, 790, 793, 795, 796, 798, 801, 806, 808, 811, 815, 821, 826, 828, 838, 839, 840, 841, 843, 844, 847, 848, 849, 851, 852, 856, 860, 862, 863, 864, 868, 869, 876, 878, 880, 882, 883, 885, 886, 887, 889, 891, 897, 898, 901, 902, 904, 905, 906, 908, 912, 917, 919, 920, 925, 931, 934, 938, 939, 951, 952, 954, 955, 957, 960, 961, 962, 964, 966, 969, 970, 972, 976, 977, 980, 982, 983, 996, 997, 998, 1001, 1005, 1006, 1007, 1009, 1013, 1017, 1019, 1023, 1024, 1025, 1027, 1028, 1032, 1037, 1043, 1045, 1049, 1052, 1053, 1057, 1058, 1061, 1065, 1067, 1069, 1070, 1071, 1072, 1073, 1076, 1077, 1078, 1080, 1081, 1082, 1088, 1092, 1094, 1095, 1097, 1102, 1104, 1105, 1107, 1108, 1111, 1115, 1116, 1119, 1123, 1126, 1130, 1134, 1137, 1138, 1140, 1141, 1142, 1145, 1146, 1147, 1153, 1155, 1157, 1160, 1163, 1165, 1171, 1172, 1175, 1177, 1178, 1180, 1181, 1182, 1185
--------------Fold 5----------------
Full feature f1 score micro: 0.4335
Fold selected standard PSO f1 score micro: 0.2376
Fold selected super PSO f1 score micro: 0.8379
Time of standard PSO: 40.4500
Time of super PSO: 39.6300
Selection standard PSO ratio: 0.42
Selection super PSO ratio: 0.44
Selected features standard PSO: 1, 2, 5, 6, 10, 16, 22, 26, 30, 31, 33, 34, 37, 42, 43, 47, 49, 53, 55, 67, 70, 72, 74, 77, 82, 83, 84, 86, 88, 91, 92, 94, 97, 99, 100, 102, 103, 106, 108, 110, 111, 112, 113, 116, 119, 120, 123, 124, 126, 128, 135, 137, 147, 149, 150, 153, 154, 156, 159, 169, 173, 177, 178, 179, 180, 183, 185, 187, 189, 192, 202, 203, 204, 207, 208, 209, 211, 217, 222, 223, 224, 227, 228, 230, 231, 234, 238, 242, 245, 247, 249, 252, 254, 255, 256, 263, 264, 266, 267, 270, 271, 272, 275, 277, 280, 281, 282, 283, 289, 291, 296, 298, 299, 300, 301, 309, 310, 312, 314, 317, 320, 322, 323, 326, 327, 332, 334, 337, 339, 341, 342, 343, 350, 352, 354, 355, 356, 359, 361, 365, 366, 367, 368, 373, 374, 375, 377, 378, 379, 382, 386, 387, 390, 392, 394, 395, 396, 398, 399, 402, 407, 409, 412, 413, 431, 432, 433, 434, 438, 439, 440, 441, 445, 449, 450, 452, 453, 456, 457, 460, 462, 470, 471, 477, 479, 480, 483, 484, 485, 486, 490, 491, 495, 496, 498, 499, 502, 503, 504, 505, 507, 509, 510, 512, 514, 516, 521, 525, 526, 528, 534, 535, 537, 539, 540, 541, 542, 543, 544, 546, 549, 552, 555, 558, 559, 560, 561, 563, 564, 565, 566, 567, 569, 572, 583, 585, 586, 588, 591, 594, 600, 601, 603, 606, 607, 608, 610, 616, 617, 619, 620, 623, 626, 632, 635, 636, 638, 639, 642, 643, 645, 646, 649, 650, 653, 654, 655, 656, 660, 661, 667, 668, 669, 670, 674, 675, 679, 680, 681, 684, 685, 688, 692, 695, 699, 700, 702, 703, 704, 706, 707, 708, 709, 711, 713, 714, 716, 718, 720, 726, 729, 730, 731, 733, 735, 738, 741, 743, 745, 750, 755, 756, 758, 759, 761, 766, 769, 770, 775, 776, 778, 780, 784, 787, 789, 794, 797, 798, 801, 805, 806, 807, 813, 814, 817, 819, 823, 824, 828, 830, 831, 832, 833, 836, 839, 841, 842, 844, 846, 849, 850, 851, 853, 854, 858, 860, 862, 863, 864, 865, 866, 868, 870, 871, 873, 876, 877, 881, 882, 887, 890, 892, 894, 895, 896, 897, 898, 900, 902, 904, 908, 913, 914, 918, 919, 920, 921, 923, 926, 927, 930, 931, 936, 939, 941, 942, 943, 945, 951, 952, 953, 958, 960, 962, 963, 965, 968, 978, 979, 980, 983, 986, 987, 989, 993, 996, 997, 999, 1003, 1007, 1010, 1011, 1012, 1013, 1014, 1015, 1017, 1018, 1019, 1020, 1023, 1024, 1025, 1027, 1029, 1030, 1031, 1034, 1036, 1039, 1041, 1042, 1043, 1047, 1050, 1052, 1054, 1055, 1056, 1058, 1061, 1064, 1072, 1074, 1075, 1077, 1079, 1080, 1083, 1084, 1086, 1087, 1088, 1089, 1092, 1097, 1100, 1101, 1102, 1108, 1109, 1110, 1112, 1113, 1116, 1118, 1120, 1121, 1130, 1131, 1134, 1137, 1144, 1145, 1148, 1149, 1151, 1153, 1154, 1158, 1159, 1163, 1164, 1166, 1167, 1174, 1175, 1176, 1178, 1179, 1181, 1183
Selected features super PSO: 2, 5, 7, 8, 9, 10, 11, 12, 13, 14, 18, 19, 20, 21, 22, 23, 24, 27, 29, 31, 33, 35, 36, 38, 39, 41, 43, 45, 46, 48, 51, 52, 53, 56, 57, 61, 63, 71, 72, 74, 75, 77, 78, 80, 83, 84, 85, 86, 89, 91, 92, 96, 97, 104, 105, 106, 107, 109, 110, 111, 113, 121, 122, 124, 126, 134, 139, 142, 143, 145, 146, 147, 148, 149, 150, 153, 157, 159, 163, 165, 166, 169, 170, 171, 173, 177, 180, 181, 184, 185, 186, 191, 196, 197, 198, 203, 205, 206, 207, 208, 209, 210, 215, 216, 219, 223, 225, 228, 230, 236, 237, 238, 239, 240, 241, 243, 244, 247, 248, 250, 258, 259, 260, 261, 266, 267, 270, 273, 275, 277, 279, 281, 282, 283, 290, 294, 298, 300, 302, 303, 304, 306, 309, 312, 316, 317, 319, 323, 325, 326, 327, 328, 329, 336, 339, 340, 348, 350, 351, 352, 354, 356, 364, 369, 370, 372, 374, 375, 376, 379, 383, 385, 386, 387, 388, 390, 391, 398, 402, 404, 405, 407, 408, 409, 410, 412, 418, 421, 425, 428, 429, 431, 436, 441, 442, 443, 445, 446, 448, 452, 457, 459, 461, 463, 467, 468, 469, 470, 473, 474, 478, 479, 481, 483, 484, 486, 488, 489, 490, 494, 495, 496, 499, 500, 501, 503, 505, 506, 507, 508, 511, 513, 514, 516, 519, 521, 526, 529, 530, 532, 535, 536, 538, 539, 546, 550, 552, 553, 555, 559, 561, 562, 564, 565, 566, 568, 571, 572, 575, 577, 580, 582, 583, 587, 588, 589, 593, 595, 596, 597, 600, 608, 609, 611, 614, 615, 618, 619, 622, 632, 633, 634, 637, 639, 641, 643, 644, 646, 648, 649, 651, 657, 659, 662, 669, 670, 672, 674, 679, 685, 686, 687, 690, 694, 695, 697, 698, 702, 703, 706, 707, 709, 711, 712, 716, 719, 720, 724, 725, 729, 733, 734, 741, 744, 745, 746, 751, 752, 756, 757, 759, 761, 763, 764, 765, 770, 773, 774, 775, 778, 779, 780, 783, 791, 793, 796, 798, 800, 803, 806, 808, 811, 814, 815, 818, 820, 821, 823, 825, 829, 833, 835, 836, 838, 839, 840, 841, 842, 844, 845, 846, 848, 852, 853, 854, 856, 857, 858, 862, 864, 870, 873, 880, 881, 882, 883, 884, 886, 887, 889, 891, 892, 893, 894, 895, 901, 903, 904, 907, 911, 912, 914, 916, 918, 919, 921, 922, 923, 924, 927, 930, 934, 940, 941, 942, 943, 944, 945, 947, 949, 954, 955, 962, 963, 965, 966, 967, 968, 971, 975, 977, 979, 980, 982, 984, 987, 994, 998, 999, 1001, 1002, 1003, 1006, 1009, 1011, 1012, 1015, 1019, 1020, 1026, 1028, 1031, 1032, 1037, 1038, 1039, 1042, 1043, 1044, 1045, 1046, 1048, 1051, 1052, 1055, 1057, 1061, 1065, 1066, 1067, 1071, 1075, 1079, 1087, 1088, 1090, 1092, 1094, 1100, 1102, 1103, 1105, 1108, 1109, 1115, 1117, 1118, 1122, 1123, 1130, 1131, 1132, 1134, 1135, 1139, 1142, 1144, 1146, 1149, 1152, 1153, 1154, 1156, 1157, 1158, 1159, 1160, 1162, 1165, 1166, 1173, 1174, 1175, 1176, 1178, 1179, 1180, 1183, 1184, 1185
--------------Average----------------
Ave Full Accuracy: 0.5448
Ave Standard PSO Selection Accuracy: 0.5399
Ave Super PSO Selection Accuracy: 0.7261
Ave time of Standard PSO: 40.8940
Ave time of Super PSO: 40.8540
Ave Standard PSO Feature Ratio: 0.40
Ave Super PSO Feature Ratio: 0.38
