--------------Fold 1----------------
Full feature f1 score micro: 0.4299
Fold selected standard PSO f1 score micro: 0.3646
Fold selected super PSO f1 score micro: 0.4100
Time of standard PSO: 27.0200
Time of super PSO: 27.6900
Selection standard PSO ratio: 0.41
Selection super PSO ratio: 0.43
Selected features standard PSO: 1, 3, 5, 7, 8, 11, 16, 17, 20, 23, 24, 25, 26, 28, 33, 38, 40, 43, 45, 48, 51, 53, 55, 56, 57, 58, 60, 66, 67, 68, 70, 75, 81, 85, 86, 87, 88, 91, 92, 93, 94, 95, 96, 97, 98, 99, 100, 102, 105, 110, 114, 115, 119, 120, 124, 129, 131, 132, 135, 138, 142, 155, 159, 160, 163, 168, 169, 172, 173, 174, 175, 176, 177, 180, 182, 187, 188, 189, 190, 198, 199, 201, 202, 204, 205, 211, 214, 215, 219, 222, 224, 225, 227, 229, 231, 233, 234, 236, 242, 244, 246, 247, 249, 251, 253, 256
Selected features super PSO: 1, 2, 3, 5, 6, 7, 9, 12, 14, 17, 19, 20, 21, 23, 26, 31, 32, 35, 36, 39, 41, 45, 48, 50, 54, 56, 57, 59, 61, 62, 63, 64, 66, 68, 69, 70, 71, 72, 77, 81, 82, 83, 84, 86, 92, 96, 97, 99, 100, 104, 105, 110, 111, 119, 121, 122, 125, 126, 130, 134, 135, 140, 141, 142, 143, 146, 147, 153, 160, 169, 170, 173, 175, 177, 180, 182, 184, 185, 186, 187, 188, 193, 198, 199, 200, 201, 202, 205, 207, 209, 210, 211, 212, 213, 214, 215, 220, 223, 224, 228, 232, 234, 243, 245, 248, 251, 253, 254, 255, 257, 258
--------------Fold 2----------------
Full feature f1 score micro: 0.5619
Fold selected standard PSO f1 score micro: 0.4677
Fold selected super PSO f1 score micro: 0.4585
Time of standard PSO: 28.3900
Time of super PSO: 29.4100
Selection standard PSO ratio: 0.41
Selection super PSO ratio: 0.32
Selected features standard PSO: 0, 1, 2, 3, 6, 8, 10, 11, 20, 23, 24, 27, 28, 36, 37, 39, 40, 41, 42, 43, 53, 56, 58, 59, 61, 63, 65, 69, 77, 78, 79, 80, 82, 83, 84, 88, 89, 90, 95, 96, 97, 99, 100, 101, 105, 112, 113, 114, 116, 121, 122, 124, 125, 126, 127, 128, 129, 130, 134, 136, 137, 138, 140, 142, 144, 149, 151, 152, 155, 156, 159, 160, 161, 165, 167, 168, 172, 176, 179, 184, 186, 190, 191, 192, 193, 195, 196, 207, 208, 210, 214, 215, 217, 218, 225, 226, 231, 235, 237, 240, 242, 248, 251, 252, 253, 255, 258
Selected features super PSO: 0, 2, 4, 9, 11, 15, 17, 20, 23, 24, 29, 31, 32, 35, 46, 49, 50, 51, 52, 59, 62, 69, 78, 87, 89, 90, 91, 92, 97, 102, 107, 108, 114, 115, 117, 119, 120, 123, 124, 125, 128, 129, 131, 133, 151, 154, 155, 157, 158, 161, 163, 164, 166, 177, 178, 180, 185, 186, 189, 190, 191, 195, 196, 201, 206, 207, 208, 210, 212, 213, 214, 215, 220, 225, 226, 230, 236, 240, 244, 255, 258, 259
--------------Fold 3----------------
Full feature f1 score micro: 0.4236
Fold selected standard PSO f1 score micro: 0.4683
Fold selected super PSO f1 score micro: 0.3422
Time of standard PSO: 31.8800
Time of super PSO: 29.2400
Selection standard PSO ratio: 0.40
Selection super PSO ratio: 0.28
Selected features standard PSO: 0, 1, 4, 8, 11, 20, 21, 24, 32, 33, 34, 37, 38, 39, 40, 42, 44, 49, 53, 55, 56, 57, 58, 59, 66, 67, 68, 70, 74, 75, 80, 83, 85, 86, 89, 90, 94, 97, 98, 101, 103, 106, 108, 112, 114, 116, 117, 121, 131, 133, 136, 141, 144, 150, 155, 160, 161, 163, 164, 165, 167, 169, 170, 172, 175, 186, 187, 190, 191, 192, 196, 197, 199, 201, 202, 207, 209, 213, 215, 216, 217, 218, 219, 223, 224, 226, 228, 229, 230, 232, 233, 234, 237, 238, 240, 242, 244, 246, 250, 251, 252, 253, 259
Selected features super PSO: 3, 13, 14, 20, 21, 23, 24, 26, 29, 31, 37, 43, 44, 53, 57, 59, 62, 66, 67, 69, 72, 79, 80, 84, 85, 89, 93, 98, 100, 106, 109, 110, 114, 117, 121, 129, 130, 132, 139, 140, 144, 147, 152, 160, 161, 165, 166, 170, 171, 176, 182, 187, 189, 193, 197, 199, 201, 203, 205, 208, 214, 215, 216, 220, 221, 225, 229, 244, 245, 248, 251, 256
--------------Fold 4----------------
Full feature f1 score micro: 0.5592
Fold selected standard PSO f1 score micro: 0.4335
Fold selected super PSO f1 score micro: 0.4513
Time of standard PSO: 29.0600
Time of super PSO: 30.0400
Selection standard PSO ratio: 0.45
Selection super PSO ratio: 0.37
Selected features standard PSO: 1, 5, 6, 8, 9, 11, 12, 14, 21, 27, 29, 30, 34, 36, 37, 38, 39, 45, 47, 50, 51, 52, 53, 54, 55, 56, 57, 62, 66, 67, 69, 70, 74, 76, 77, 78, 81, 82, 86, 87, 89, 90, 94, 99, 100, 101, 103, 104, 105, 106, 108, 109, 110, 112, 113, 115, 117, 119, 121, 130, 137, 141, 145, 146, 148, 150, 152, 154, 155, 156, 159, 160, 162, 165, 167, 168, 169, 173, 181, 182, 184, 185, 188, 190, 191, 193, 195, 196, 197, 200, 202, 208, 210, 212, 213, 217, 218, 228, 229, 233, 236, 238, 239, 240, 244, 245, 246, 248, 249, 250, 251, 252, 253, 256, 257, 259
Selected features super PSO: 4, 9, 11, 17, 19, 20, 22, 23, 24, 26, 32, 34, 38, 42, 50, 51, 52, 59, 61, 64, 66, 70, 71, 72, 74, 75, 78, 85, 87, 89, 90, 93, 94, 95, 96, 101, 104, 107, 109, 114, 117, 118, 124, 126, 127, 130, 131, 133, 142, 144, 148, 152, 153, 156, 158, 160, 165, 166, 167, 170, 172, 174, 175, 176, 177, 178, 180, 182, 184, 185, 190, 191, 192, 195, 200, 201, 204, 205, 212, 213, 215, 220, 223, 226, 227, 229, 232, 235, 239, 246, 249, 252, 253, 256, 257, 259
--------------Fold 5----------------
Full feature f1 score micro: 0.4774
Fold selected standard PSO f1 score micro: 0.4018
Fold selected super PSO f1 score micro: 0.4602
Time of standard PSO: 29.2600
Time of super PSO: 27.4900
Selection standard PSO ratio: 0.37
Selection super PSO ratio: 0.42
Selected features standard PSO: 4, 6, 10, 15, 21, 27, 28, 30, 31, 35, 36, 37, 38, 40, 41, 43, 47, 48, 51, 52, 53, 56, 60, 61, 63, 64, 67, 68, 76, 78, 79, 84, 85, 86, 89, 92, 93, 95, 97, 101, 105, 106, 113, 114, 115, 116, 119, 121, 123, 125, 136, 140, 142, 144, 148, 150, 160, 162, 163, 165, 170, 171, 173, 174, 175, 176, 178, 180, 183, 185, 189, 190, 195, 197, 201, 203, 205, 206, 208, 213, 214, 215, 221, 223, 230, 231, 233, 241, 243, 248, 249, 251, 254, 255, 258
Selected features super PSO: 1, 2, 5, 11, 13, 15, 16, 18, 19, 20, 21, 22, 23, 26, 33, 39, 43, 46, 50, 54, 55, 57, 60, 61, 72, 73, 75, 78, 79, 80, 84, 86, 90, 91, 94, 96, 98, 101, 103, 104, 107, 108, 110, 114, 115, 119, 120, 124, 126, 127, 128, 129, 133, 135, 136, 137, 138, 140, 150, 152, 155, 156, 157, 158, 161, 163, 164, 166, 167, 168, 171, 179, 180, 181, 184, 189, 190, 191, 195, 196, 197, 199, 201, 202, 203, 205, 206, 208, 211, 213, 214, 215, 217, 221, 224, 226, 228, 234, 235, 236, 238, 240, 244, 249, 250, 254, 255, 257, 258, 259
--------------Average----------------
Ave Full Accuracy: 0.4904
Ave Standard PSO Selection Accuracy: 0.4272
Ave Super PSO Selection Accuracy: 0.4244
Ave time of Standard PSO: 29.1220
Ave time of Super PSO: 28.7740
Ave Standard PSO Feature Ratio: 0.41
Ave Super PSO Feature Ratio: 0.36
