--------------Fold 1----------------
Full feature f1 score micro: 0.4775
Fold selected standard PSO f1 score micro: 0.5005
Fold selected super PSO f1 score micro: 0.4685
Time of standard PSO: 173.7500
Time of super PSO: 183.9900
Selection standard PSO ratio: 0.37
Selection super PSO ratio: 0.43
Selected features standard PSO: 0, 2, 3, 8, 10, 12, 13, 15, 18, 20, 21, 22, 25, 27, 29, 30, 34, 41, 45, 46, 47, 48, 50, 51, 53, 55, 59, 62, 65, 66, 68, 69, 70, 71, 77, 80, 83, 86, 88, 93, 97, 105, 109, 110, 114, 120, 123, 124, 136, 137, 140, 141, 143, 144, 148, 151, 157, 160, 168, 170, 172, 173, 174, 178, 179, 185, 187, 189, 190, 198, 199, 200, 209, 211, 217, 221, 223, 225, 226, 228, 229, 230, 231, 234, 237, 238, 242, 244, 246, 249, 253, 256, 259, 260, 263, 265, 266, 273, 275, 277, 278, 281, 283, 291, 293, 295, 297, 298, 299, 302, 306, 309, 311, 313, 316, 318, 323, 324, 332, 334, 339, 340, 341, 345, 346, 347, 352, 363, 366, 369, 370, 372, 373, 381, 383, 384, 386, 387, 393, 395, 404, 405, 406, 407, 408, 411, 412, 414, 419, 420, 422, 432, 433, 435, 436, 437, 439, 445, 446, 448, 450, 454, 455, 456, 457, 459, 460, 462, 464, 467, 468, 470, 475, 476, 481, 488, 489, 490, 491, 494, 496, 501, 502, 507, 509, 510, 516, 521, 522, 525, 532, 534, 535, 536, 537, 540, 542, 545, 546, 554, 558, 559, 561, 562, 565, 566, 568, 569, 571, 572, 573, 580, 583, 584, 588, 590, 592, 593, 596, 597, 598, 599, 600, 606, 607, 615, 621, 626, 628, 632, 634, 639, 641, 642, 644, 645, 647, 649, 653, 655, 656, 661, 663, 665, 668, 671, 672, 673, 674, 675, 676, 679, 682, 685, 688, 689, 690, 691, 692, 694, 695, 699, 700, 701, 702, 703, 709, 712, 713, 717, 721, 730, 734, 736, 737, 739, 742, 743, 744, 747, 752, 756, 762, 768, 769, 775, 778, 780, 782, 783, 784, 785, 789, 790, 791, 792, 793, 796, 798, 801, 802, 804, 806, 808, 809, 811, 814, 817, 820, 821, 827, 834, 835, 838, 839, 841, 843, 844, 846, 847, 849, 853, 855, 857, 859, 861, 862, 863, 867, 868, 870, 872, 876, 879, 880, 881, 884, 902, 905, 906, 913, 915, 917, 918, 923, 927, 931, 932, 937, 938, 940, 943, 945, 950, 951, 953, 954, 959, 961, 962, 971, 973, 975, 976, 979, 986, 987, 990, 992, 995, 998, 1000
Selected features super PSO: 0, 1, 2, 6, 8, 12, 14, 15, 16, 17, 19, 21, 23, 29, 35, 37, 39, 40, 41, 42, 43, 47, 52, 53, 55, 57, 58, 60, 69, 71, 73, 74, 77, 78, 82, 83, 84, 85, 86, 88, 90, 93, 95, 96, 98, 99, 102, 106, 108, 114, 121, 122, 123, 137, 138, 139, 146, 147, 150, 153, 155, 157, 160, 161, 162, 165, 166, 167, 168, 169, 172, 173, 176, 177, 179, 181, 183, 185, 194, 196, 200, 204, 209, 211, 217, 218, 219, 222, 224, 225, 226, 233, 234, 237, 238, 239, 241, 242, 243, 245, 246, 247, 249, 250, 252, 253, 254, 256, 257, 261, 264, 267, 270, 271, 272, 275, 278, 279, 286, 289, 291, 292, 293, 294, 296, 297, 304, 308, 309, 310, 311, 312, 314, 319, 320, 323, 324, 326, 334, 338, 339, 341, 344, 345, 349, 351, 352, 357, 358, 359, 360, 365, 366, 371, 374, 375, 380, 381, 382, 384, 387, 388, 390, 391, 394, 395, 397, 398, 399, 402, 404, 405, 408, 418, 420, 421, 422, 423, 427, 431, 435, 439, 441, 445, 447, 448, 451, 453, 455, 461, 462, 466, 469, 474, 475, 476, 477, 478, 479, 482, 485, 487, 497, 504, 505, 506, 510, 511, 516, 517, 518, 520, 523, 524, 526, 528, 534, 537, 538, 541, 542, 543, 544, 546, 547, 549, 552, 553, 555, 556, 561, 565, 567, 570, 574, 575, 576, 577, 579, 580, 582, 583, 584, 585, 586, 587, 591, 593, 595, 597, 599, 603, 604, 606, 608, 611, 616, 618, 619, 620, 622, 625, 626, 628, 629, 631, 636, 641, 642, 643, 653, 654, 657, 661, 662, 663, 664, 665, 668, 671, 673, 674, 676, 677, 678, 683, 686, 693, 696, 700, 703, 707, 708, 710, 711, 716, 717, 718, 720, 721, 722, 724, 728, 729, 732, 733, 735, 736, 737, 739, 741, 742, 743, 745, 748, 750, 751, 752, 757, 759, 760, 761, 768, 772, 773, 774, 776, 779, 780, 781, 783, 784, 786, 788, 789, 790, 793, 794, 796, 799, 802, 804, 807, 810, 811, 814, 815, 816, 817, 823, 825, 827, 829, 831, 832, 836, 838, 839, 841, 843, 847, 848, 851, 852, 854, 855, 858, 860, 866, 867, 870, 871, 872, 875, 878, 879, 880, 881, 890, 892, 894, 895, 896, 900, 902, 903, 904, 909, 918, 920, 921, 930, 931, 933, 934, 935, 936, 940, 941, 942, 944, 945, 949, 950, 951, 952, 956, 957, 959, 960, 961, 966, 968, 971, 973, 974, 975, 977, 978, 981, 984, 985, 993, 994, 996, 997, 999
--------------Fold 2----------------
Full feature f1 score micro: 0.4697
Fold selected standard PSO f1 score micro: 0.4843
Fold selected super PSO f1 score micro: 0.5228
Time of standard PSO: 184.8400
Time of super PSO: 169.9200
Selection standard PSO ratio: 0.34
Selection super PSO ratio: 0.28
Selected features standard PSO: 1, 2, 3, 6, 7, 10, 14, 17, 21, 25, 27, 30, 31, 37, 40, 41, 42, 48, 51, 53, 56, 57, 59, 60, 64, 66, 67, 74, 78, 79, 84, 87, 88, 89, 91, 95, 96, 98, 107, 108, 112, 117, 119, 133, 135, 136, 141, 146, 147, 156, 159, 161, 162, 163, 165, 168, 169, 172, 177, 182, 183, 194, 197, 198, 199, 203, 205, 206, 208, 215, 219, 228, 231, 232, 235, 236, 240, 242, 245, 246, 249, 250, 252, 253, 260, 264, 265, 267, 270, 276, 277, 278, 284, 286, 287, 290, 292, 294, 297, 298, 299, 300, 301, 308, 310, 314, 318, 322, 323, 326, 329, 332, 334, 343, 345, 346, 349, 351, 356, 361, 362, 366, 368, 370, 371, 372, 374, 375, 384, 385, 387, 394, 396, 398, 399, 400, 409, 412, 415, 416, 417, 418, 419, 426, 428, 432, 436, 438, 441, 442, 445, 451, 461, 465, 466, 468, 469, 470, 471, 473, 478, 480, 488, 494, 496, 499, 501, 502, 504, 506, 507, 510, 512, 514, 516, 520, 525, 526, 533, 537, 540, 544, 546, 547, 551, 554, 555, 556, 558, 559, 562, 573, 574, 576, 578, 580, 583, 584, 588, 591, 595, 598, 602, 603, 606, 608, 614, 620, 623, 626, 627, 628, 629, 630, 635, 643, 649, 651, 660, 661, 664, 665, 671, 677, 679, 680, 682, 684, 686, 688, 690, 692, 693, 694, 695, 700, 701, 702, 703, 706, 710, 715, 718, 719, 721, 724, 725, 726, 727, 735, 736, 741, 742, 746, 753, 758, 759, 761, 762, 767, 768, 773, 774, 777, 778, 779, 781, 782, 783, 784, 789, 791, 792, 793, 798, 803, 809, 812, 819, 821, 823, 825, 832, 834, 835, 840, 841, 845, 847, 850, 855, 856, 859, 861, 862, 864, 867, 871, 872, 877, 883, 890, 892, 893, 896, 897, 898, 899, 900, 908, 909, 913, 915, 916, 918, 919, 924, 925, 931, 939, 940, 945, 947, 948, 949, 950, 954, 960, 965, 968, 969, 972, 974, 975, 979, 982, 983, 986, 987, 989, 990, 992, 993
Selected features super PSO: 9, 11, 14, 16, 20, 28, 30, 31, 37, 47, 51, 63, 65, 73, 79, 85, 87, 89, 100, 101, 103, 106, 108, 112, 113, 117, 125, 126, 129, 131, 136, 139, 140, 141, 145, 146, 150, 153, 154, 162, 164, 166, 168, 173, 178, 182, 186, 191, 194, 215, 218, 229, 235, 236, 237, 242, 245, 259, 263, 268, 269, 272, 274, 277, 278, 282, 283, 284, 285, 286, 287, 288, 292, 293, 294, 298, 299, 301, 302, 303, 305, 308, 312, 313, 314, 315, 318, 320, 321, 323, 324, 325, 330, 333, 335, 339, 346, 353, 363, 365, 366, 371, 372, 374, 375, 376, 378, 379, 384, 390, 400, 403, 405, 407, 408, 414, 424, 426, 431, 438, 440, 454, 455, 464, 469, 474, 477, 484, 485, 488, 490, 493, 495, 496, 520, 522, 527, 529, 541, 547, 548, 549, 557, 558, 560, 561, 562, 563, 564, 565, 570, 575, 579, 580, 582, 589, 591, 593, 595, 599, 613, 618, 620, 622, 623, 628, 630, 632, 641, 643, 648, 650, 655, 656, 657, 658, 659, 660, 662, 668, 670, 678, 687, 691, 692, 701, 705, 708, 711, 712, 715, 720, 722, 725, 726, 727, 728, 729, 730, 731, 735, 736, 737, 739, 740, 748, 749, 752, 758, 760, 762, 768, 773, 774, 780, 781, 782, 783, 789, 790, 791, 793, 797, 800, 802, 803, 807, 809, 819, 822, 828, 829, 838, 839, 842, 851, 854, 856, 867, 872, 874, 878, 881, 883, 887, 889, 890, 893, 895, 901, 905, 915, 921, 922, 926, 927, 932, 933, 938, 942, 943, 945, 952, 953, 954, 956, 960, 961, 967, 968, 970, 976, 978, 981, 989, 991, 997, 998
--------------Fold 3----------------
Full feature f1 score micro: 0.4605
Fold selected standard PSO f1 score micro: 0.4969
Fold selected super PSO f1 score micro: 0.5259
Time of standard PSO: 174.0600
Time of super PSO: 169.8700
Selection standard PSO ratio: 0.39
Selection super PSO ratio: 0.35
Selected features standard PSO: 5, 7, 8, 10, 13, 18, 20, 21, 22, 24, 29, 30, 35, 36, 37, 38, 39, 40, 43, 44, 45, 46, 47, 48, 52, 54, 55, 56, 59, 61, 63, 64, 65, 66, 68, 73, 76, 78, 81, 82, 84, 85, 90, 91, 92, 94, 95, 96, 100, 103, 107, 112, 117, 118, 122, 125, 127, 128, 130, 134, 137, 138, 141, 144, 145, 147, 150, 151, 152, 155, 156, 158, 159, 164, 175, 181, 183, 190, 191, 197, 199, 200, 201, 202, 203, 204, 207, 209, 210, 212, 213, 215, 216, 217, 219, 220, 223, 225, 227, 229, 233, 235, 236, 237, 242, 243, 244, 249, 250, 254, 255, 258, 259, 260, 263, 267, 270, 276, 277, 278, 283, 285, 286, 287, 291, 294, 295, 300, 307, 309, 310, 313, 314, 315, 318, 322, 324, 326, 328, 329, 330, 334, 338, 339, 340, 341, 342, 343, 344, 346, 347, 348, 349, 351, 354, 361, 362, 367, 371, 376, 377, 383, 386, 393, 397, 399, 407, 408, 410, 411, 412, 413, 414, 415, 416, 423, 424, 431, 432, 436, 437, 438, 439, 444, 445, 446, 447, 455, 457, 462, 464, 465, 467, 471, 472, 473, 476, 481, 485, 488, 491, 494, 496, 497, 501, 503, 505, 507, 510, 512, 513, 517, 522, 523, 524, 526, 527, 534, 536, 537, 543, 548, 552, 553, 555, 561, 567, 568, 570, 571, 573, 575, 581, 584, 589, 595, 601, 604, 611, 614, 618, 619, 621, 622, 623, 624, 628, 630, 631, 632, 634, 637, 638, 639, 642, 643, 647, 648, 651, 653, 654, 656, 659, 663, 664, 667, 669, 672, 673, 674, 675, 676, 687, 689, 690, 692, 694, 698, 706, 709, 712, 721, 723, 725, 729, 734, 736, 737, 743, 747, 748, 749, 754, 759, 761, 763, 767, 769, 771, 777, 778, 781, 782, 784, 788, 789, 790, 796, 798, 801, 803, 805, 808, 810, 812, 813, 815, 824, 825, 826, 827, 828, 829, 831, 832, 835, 837, 840, 841, 842, 847, 856, 858, 859, 867, 872, 874, 875, 876, 877, 878, 879, 881, 887, 889, 891, 893, 898, 899, 900, 901, 903, 905, 907, 910, 911, 912, 913, 916, 917, 921, 922, 923, 929, 934, 938, 941, 942, 944, 946, 947, 948, 949, 952, 954, 956, 964, 965, 967, 970, 974, 975, 976, 977, 979, 980, 984, 988, 991, 994, 998, 1000
Selected features super PSO: 3, 4, 5, 6, 8, 10, 14, 15, 20, 22, 23, 35, 38, 40, 43, 44, 46, 50, 52, 55, 57, 60, 61, 66, 68, 69, 71, 72, 73, 80, 84, 85, 86, 91, 98, 103, 106, 110, 113, 114, 115, 117, 121, 122, 125, 128, 130, 134, 135, 136, 141, 147, 148, 152, 158, 161, 166, 168, 171, 172, 175, 177, 182, 184, 189, 190, 191, 195, 196, 201, 204, 205, 206, 209, 210, 211, 213, 222, 224, 228, 229, 231, 252, 253, 254, 263, 267, 268, 269, 272, 273, 274, 277, 278, 281, 284, 287, 288, 289, 290, 292, 294, 298, 302, 304, 305, 308, 311, 314, 315, 318, 319, 320, 322, 333, 344, 345, 348, 350, 352, 356, 357, 358, 359, 360, 362, 365, 367, 370, 373, 382, 387, 388, 394, 400, 403, 405, 406, 408, 409, 418, 421, 423, 424, 429, 435, 438, 439, 440, 441, 445, 448, 450, 453, 457, 458, 460, 461, 465, 467, 468, 471, 474, 476, 477, 481, 482, 489, 495, 496, 497, 501, 504, 510, 512, 515, 524, 531, 535, 544, 545, 550, 551, 552, 554, 556, 561, 563, 564, 566, 570, 574, 576, 579, 580, 581, 582, 584, 586, 587, 589, 591, 592, 596, 599, 600, 601, 604, 605, 608, 611, 615, 616, 617, 620, 625, 626, 627, 628, 646, 649, 652, 653, 656, 662, 667, 668, 670, 673, 677, 678, 679, 685, 686, 687, 688, 700, 701, 702, 710, 712, 714, 716, 717, 723, 726, 727, 728, 733, 734, 736, 739, 741, 744, 745, 747, 748, 749, 750, 751, 753, 754, 755, 757, 762, 764, 766, 769, 772, 773, 775, 781, 784, 787, 792, 796, 801, 803, 807, 810, 813, 815, 816, 818, 820, 822, 823, 828, 830, 831, 832, 834, 839, 843, 844, 852, 856, 857, 859, 861, 862, 863, 864, 866, 867, 868, 871, 877, 881, 882, 883, 892, 895, 899, 900, 903, 904, 906, 907, 908, 910, 911, 913, 918, 920, 922, 923, 927, 933, 934, 944, 945, 951, 953, 956, 959, 960, 962, 964, 966, 972, 975, 976, 983, 987, 991, 992, 994, 997, 998, 999
--------------Fold 4----------------
Full feature f1 score micro: 0.4820
Fold selected standard PSO f1 score micro: 0.5014
Fold selected super PSO f1 score micro: 0.4649
Time of standard PSO: 170.9900
Time of super PSO: 172.9500
Selection standard PSO ratio: 0.34
Selection super PSO ratio: 0.38
Selected features standard PSO: 3, 5, 6, 7, 8, 12, 13, 14, 21, 30, 35, 39, 42, 45, 49, 52, 54, 59, 60, 61, 62, 65, 66, 68, 69, 71, 78, 81, 85, 88, 89, 94, 99, 102, 103, 105, 107, 108, 111, 113, 114, 115, 117, 118, 119, 120, 122, 126, 128, 130, 131, 133, 135, 138, 142, 148, 167, 169, 171, 173, 175, 177, 179, 180, 186, 188, 189, 190, 191, 192, 193, 195, 196, 199, 209, 211, 213, 214, 221, 229, 230, 231, 232, 241, 248, 251, 259, 265, 266, 273, 275, 276, 277, 285, 287, 304, 306, 310, 315, 317, 320, 325, 330, 331, 332, 333, 334, 341, 345, 349, 350, 356, 359, 361, 364, 366, 369, 370, 372, 374, 376, 378, 380, 383, 384, 386, 387, 389, 390, 392, 393, 398, 400, 402, 403, 407, 408, 413, 426, 429, 435, 436, 438, 447, 450, 452, 453, 457, 462, 463, 465, 466, 468, 472, 482, 484, 488, 492, 494, 498, 499, 500, 507, 511, 514, 517, 518, 521, 522, 524, 526, 528, 532, 541, 544, 545, 549, 551, 552, 556, 566, 570, 571, 579, 580, 581, 582, 585, 589, 591, 607, 608, 612, 613, 614, 616, 624, 625, 628, 629, 630, 631, 636, 638, 645, 646, 654, 657, 658, 659, 662, 665, 670, 671, 675, 678, 683, 684, 685, 687, 693, 694, 695, 701, 704, 710, 717, 721, 722, 726, 727, 728, 729, 731, 733, 736, 737, 739, 740, 742, 743, 744, 747, 748, 749, 757, 760, 761, 765, 767, 771, 775, 777, 779, 780, 783, 784, 789, 792, 794, 797, 799, 804, 806, 809, 814, 815, 816, 818, 819, 821, 824, 829, 830, 832, 836, 841, 843, 844, 845, 846, 847, 859, 863, 870, 872, 873, 874, 875, 878, 880, 881, 884, 885, 888, 892, 896, 905, 908, 909, 910, 911, 914, 915, 921, 926, 929, 933, 934, 935, 937, 942, 948, 949, 950, 955, 956, 958, 959, 960, 961, 962, 964, 967, 970, 973, 978, 979, 980, 982, 983, 988, 991, 997, 998, 999
Selected features super PSO: 0, 1, 3, 5, 8, 14, 16, 20, 23, 25, 30, 36, 41, 42, 43, 48, 53, 56, 57, 58, 59, 61, 66, 75, 80, 82, 85, 96, 97, 100, 103, 106, 110, 111, 114, 115, 118, 120, 121, 125, 140, 142, 144, 145, 146, 148, 150, 152, 155, 156, 157, 160, 161, 163, 164, 165, 167, 171, 172, 176, 177, 179, 183, 184, 187, 189, 190, 192, 193, 196, 199, 200, 203, 204, 205, 206, 207, 208, 210, 211, 214, 215, 218, 219, 220, 222, 223, 225, 233, 235, 241, 243, 247, 252, 253, 254, 255, 257, 267, 271, 276, 278, 279, 281, 286, 288, 289, 292, 299, 301, 302, 303, 305, 306, 308, 309, 311, 313, 314, 315, 316, 317, 321, 329, 332, 335, 339, 341, 342, 344, 350, 352, 360, 361, 364, 365, 366, 369, 376, 378, 380, 382, 383, 386, 387, 388, 389, 391, 392, 393, 394, 395, 398, 399, 400, 404, 405, 407, 411, 414, 416, 417, 428, 429, 433, 434, 436, 438, 440, 441, 442, 446, 450, 452, 454, 456, 458, 460, 464, 465, 468, 469, 470, 472, 474, 475, 478, 479, 483, 484, 485, 486, 488, 491, 495, 496, 497, 506, 507, 511, 513, 514, 515, 516, 519, 520, 526, 533, 535, 538, 549, 550, 553, 558, 559, 560, 563, 566, 567, 570, 577, 579, 581, 584, 586, 590, 591, 594, 595, 599, 601, 602, 609, 611, 612, 615, 617, 621, 628, 630, 634, 638, 639, 645, 653, 654, 659, 662, 665, 670, 673, 675, 676, 680, 682, 683, 685, 686, 689, 704, 705, 707, 709, 710, 711, 712, 713, 715, 716, 720, 721, 724, 725, 726, 728, 733, 734, 735, 736, 739, 740, 746, 747, 748, 749, 751, 752, 753, 754, 755, 756, 758, 759, 765, 767, 769, 770, 771, 772, 773, 776, 778, 783, 792, 797, 798, 799, 803, 805, 807, 808, 810, 812, 820, 823, 825, 828, 832, 834, 839, 840, 841, 842, 844, 846, 850, 851, 857, 862, 864, 865, 868, 870, 873, 874, 876, 877, 879, 880, 881, 886, 887, 889, 892, 893, 900, 901, 903, 911, 912, 915, 918, 919, 921, 925, 926, 927, 936, 937, 938, 942, 943, 944, 945, 953, 961, 963, 965, 967, 972, 975, 978, 981, 982, 989, 995, 996, 998, 999
--------------Fold 5----------------
Full feature f1 score micro: 0.4587
Fold selected standard PSO f1 score micro: 0.4778
Fold selected super PSO f1 score micro: 0.4904
Time of standard PSO: 169.6100
Time of super PSO: 171.8100
Selection standard PSO ratio: 0.37
Selection super PSO ratio: 0.40
Selected features standard PSO: 1, 8, 9, 12, 13, 16, 22, 24, 31, 33, 34, 36, 41, 42, 47, 48, 61, 63, 67, 71, 72, 78, 80, 82, 83, 85, 91, 96, 98, 99, 101, 104, 110, 114, 118, 122, 123, 124, 126, 127, 128, 131, 132, 133, 134, 135, 139, 144, 145, 147, 149, 150, 152, 157, 162, 164, 170, 175, 178, 183, 184, 185, 186, 187, 189, 196, 201, 202, 205, 206, 215, 219, 221, 222, 224, 225, 226, 228, 230, 231, 232, 237, 240, 242, 244, 245, 246, 247, 248, 253, 258, 259, 261, 265, 267, 269, 270, 275, 277, 278, 279, 286, 290, 291, 292, 293, 297, 298, 313, 314, 315, 319, 324, 325, 334, 335, 339, 340, 343, 344, 346, 348, 349, 350, 354, 355, 356, 359, 362, 363, 366, 367, 368, 383, 388, 389, 391, 397, 399, 400, 401, 402, 403, 404, 407, 410, 414, 416, 418, 419, 424, 431, 433, 434, 436, 439, 442, 445, 447, 451, 452, 458, 459, 460, 462, 469, 472, 475, 479, 480, 482, 484, 486, 487, 493, 494, 495, 502, 504, 505, 506, 507, 510, 513, 514, 516, 517, 521, 522, 524, 527, 528, 529, 531, 532, 535, 539, 541, 542, 544, 547, 548, 557, 558, 559, 561, 563, 566, 567, 571, 575, 577, 578, 582, 587, 596, 598, 599, 600, 601, 603, 604, 605, 606, 611, 615, 619, 621, 622, 623, 625, 626, 634, 637, 639, 640, 645, 646, 650, 651, 653, 654, 665, 668, 669, 670, 672, 674, 676, 677, 681, 684, 685, 686, 689, 690, 694, 696, 698, 700, 703, 706, 708, 719, 721, 723, 724, 725, 729, 730, 733, 740, 742, 746, 748, 750, 753, 757, 758, 759, 761, 764, 765, 767, 769, 774, 775, 779, 780, 782, 787, 791, 792, 793, 798, 800, 802, 808, 811, 813, 816, 821, 824, 827, 832, 833, 836, 838, 840, 843, 847, 848, 850, 854, 856, 862, 865, 868, 869, 870, 871, 872, 875, 876, 878, 879, 883, 884, 885, 888, 889, 890, 897, 899, 900, 901, 902, 904, 908, 910, 912, 913, 919, 920, 921, 931, 932, 934, 935, 939, 941, 942, 944, 945, 946, 948, 950, 955, 959, 961, 965, 966, 971, 973, 976, 982, 984, 985, 986, 991, 995
Selected features super PSO: 0, 1, 4, 5, 9, 10, 13, 14, 18, 22, 23, 26, 27, 31, 34, 37, 38, 40, 41, 42, 44, 52, 54, 56, 58, 64, 65, 67, 73, 75, 78, 79, 82, 83, 84, 86, 87, 91, 92, 96, 98, 100, 104, 110, 112, 113, 115, 119, 122, 124, 126, 127, 129, 136, 138, 140, 143, 145, 147, 148, 152, 153, 157, 158, 159, 160, 164, 168, 170, 173, 177, 178, 180, 181, 182, 187, 190, 191, 193, 194, 195, 196, 199, 200, 201, 202, 203, 206, 207, 208, 210, 212, 213, 215, 216, 217, 224, 230, 234, 236, 238, 239, 240, 243, 245, 247, 253, 255, 257, 258, 259, 263, 264, 269, 271, 272, 274, 276, 282, 283, 286, 292, 293, 298, 300, 302, 306, 307, 313, 314, 317, 319, 320, 327, 329, 330, 331, 332, 342, 344, 345, 346, 350, 351, 352, 356, 357, 362, 364, 367, 368, 369, 370, 371, 374, 375, 376, 379, 380, 382, 388, 392, 394, 395, 398, 400, 402, 403, 404, 405, 406, 409, 410, 412, 413, 414, 415, 418, 419, 422, 424, 425, 428, 432, 433, 436, 443, 444, 446, 447, 448, 450, 454, 460, 461, 462, 464, 468, 469, 470, 471, 475, 476, 477, 479, 484, 485, 486, 489, 494, 497, 498, 500, 501, 502, 503, 507, 514, 515, 516, 517, 519, 520, 524, 529, 530, 531, 536, 539, 540, 544, 545, 547, 549, 551, 555, 558, 560, 562, 565, 569, 573, 576, 579, 584, 585, 586, 591, 595, 597, 601, 603, 605, 608, 611, 612, 614, 615, 622, 623, 624, 626, 630, 635, 637, 638, 640, 641, 642, 645, 649, 650, 652, 653, 657, 658, 660, 662, 663, 664, 666, 669, 670, 672, 681, 682, 690, 694, 696, 703, 704, 708, 714, 715, 724, 727, 731, 735, 737, 739, 741, 742, 745, 747, 750, 754, 755, 757, 760, 761, 762, 766, 768, 769, 770, 771, 773, 777, 781, 782, 783, 785, 786, 788, 790, 791, 792, 793, 794, 795, 797, 798, 799, 800, 801, 805, 806, 808, 812, 816, 820, 822, 826, 833, 838, 842, 843, 845, 853, 855, 856, 857, 858, 859, 860, 861, 871, 878, 879, 880, 882, 885, 886, 888, 889, 891, 893, 896, 900, 901, 904, 908, 918, 919, 920, 922, 923, 926, 930, 931, 934, 935, 936, 939, 945, 948, 952, 957, 959, 969, 970, 978, 979, 980, 982, 984, 987, 988, 989, 993, 994, 997, 998, 1000
--------------Average----------------
Ave Full Accuracy: 0.4697
Ave Standard PSO Selection Accuracy: 0.4922
Ave Super PSO Selection Accuracy: 0.4945
Ave time of Standard PSO: 174.6500
Ave time of Super PSO: 173.7080
Ave Standard PSO Feature Ratio: 0.36
Ave Super PSO Feature Ratio: 0.37
