--------------Fold 1----------------
Full feature f1 score micro: 0.0480
Fold selected standard PSO f1 score micro: 0.0450
Fold selected super simple PSO f1 score micro: 0.0424
Time of standard PSO: 15.4300
Time of super simple PSO: 8.1800
Selection standard PSO ratio: 0.43
Selection super simple PSO ratio: 0.43
Selected features standard PSO: 2, 3, 4, 5, 7, 8, 10, 13, 15, 16, 18, 19, 20, 23, 30, 34, 36, 38, 39, 40, 43, 49, 53, 57, 59, 60, 63, 64, 68, 69, 70, 71, 73, 75, 80, 82, 83, 86, 87, 88, 92, 93, 95, 96, 99, 101, 103, 106, 107, 108, 112, 113, 116, 118, 121, 122, 125, 126, 127, 132, 133, 136, 137, 138, 143, 146, 150, 151, 154, 155, 158, 161, 162, 168, 169, 173, 177, 181, 183, 184, 185, 186, 187, 189, 191, 193, 195, 197, 198, 199, 203, 205, 206, 209, 210, 214, 217, 219, 223, 228, 229, 235, 237, 239, 243, 244, 245, 246, 247, 248, 251, 253, 257
Selected features super simple PSO: 0, 3, 7, 9, 15, 16, 17, 19, 21, 22, 24, 25, 27, 28, 31, 33, 34, 36, 41, 42, 43, 47, 50, 51, 54, 67, 68, 69, 72, 76, 78, 83, 85, 86, 87, 90, 91, 93, 95, 99, 100, 101, 102, 105, 110, 111, 116, 118, 120, 125, 127, 129, 133, 136, 138, 141, 145, 149, 156, 157, 158, 161, 164, 165, 169, 171, 172, 178, 179, 180, 182, 183, 184, 185, 189, 190, 192, 193, 194, 196, 197, 200, 203, 206, 207, 208, 209, 210, 211, 213, 214, 215, 218, 219, 220, 222, 223, 224, 229, 230, 235, 239, 242, 246, 248, 250, 253, 254, 256, 257, 259
--------------Fold 2----------------
Full feature f1 score micro: 0.0470
Fold selected standard PSO f1 score micro: 0.0534
Fold selected super simple PSO f1 score micro: 0.0521
Time of standard PSO: 15.1100
Time of super simple PSO: 8.0100
Selection standard PSO ratio: 0.40
Selection super simple PSO ratio: 0.36
Selected features standard PSO: 1, 2, 7, 9, 10, 11, 12, 13, 14, 24, 29, 40, 41, 42, 43, 44, 46, 47, 49, 50, 52, 54, 55, 57, 60, 63, 64, 67, 68, 73, 76, 77, 78, 79, 85, 86, 90, 96, 97, 98, 100, 101, 102, 105, 107, 110, 111, 112, 113, 114, 115, 117, 118, 121, 122, 123, 125, 127, 130, 131, 133, 135, 139, 140, 141, 142, 143, 144, 150, 157, 159, 163, 165, 177, 178, 179, 180, 192, 194, 195, 196, 204, 209, 210, 213, 214, 215, 221, 226, 228, 229, 230, 231, 232, 235, 236, 238, 240, 243, 245, 246, 247, 249, 252
Selected features super simple PSO: 4, 5, 9, 13, 14, 15, 18, 20, 22, 26, 29, 30, 32, 33, 34, 37, 40, 41, 42, 45, 46, 51, 53, 57, 58, 62, 64, 68, 74, 75, 77, 79, 84, 86, 87, 90, 99, 100, 101, 105, 107, 114, 116, 119, 120, 122, 125, 126, 128, 129, 132, 135, 137, 138, 139, 140, 141, 148, 149, 152, 158, 162, 163, 164, 165, 169, 170, 173, 177, 178, 180, 186, 188, 191, 192, 194, 199, 201, 203, 205, 208, 209, 216, 223, 224, 225, 235, 246, 250, 254, 256, 258, 259
--------------Fold 3----------------
Full feature f1 score micro: 0.0529
Fold selected standard PSO f1 score micro: 0.0499
Fold selected super simple PSO f1 score micro: 0.0568
Time of standard PSO: 14.9400
Time of super simple PSO: 8.0000
Selection standard PSO ratio: 0.38
Selection super simple PSO ratio: 0.30
Selected features standard PSO: 0, 1, 2, 4, 7, 8, 9, 11, 12, 13, 15, 17, 19, 22, 24, 26, 27, 30, 32, 35, 37, 39, 40, 44, 46, 47, 53, 56, 57, 63, 64, 65, 70, 71, 72, 73, 74, 78, 79, 80, 81, 94, 95, 100, 104, 105, 108, 109, 110, 112, 115, 117, 118, 126, 136, 138, 151, 152, 153, 154, 156, 158, 160, 161, 163, 165, 167, 173, 175, 176, 177, 178, 179, 188, 190, 191, 197, 198, 199, 206, 211, 213, 217, 218, 223, 227, 228, 235, 236, 237, 239, 241, 245, 246, 247, 249, 250, 256, 257, 259
Selected features super simple PSO: 1, 2, 4, 10, 21, 24, 25, 26, 29, 31, 33, 36, 37, 44, 49, 50, 53, 54, 56, 59, 61, 62, 63, 69, 78, 81, 82, 85, 88, 93, 96, 98, 99, 100, 101, 106, 107, 108, 109, 110, 117, 119, 123, 128, 131, 132, 143, 149, 150, 152, 157, 162, 163, 168, 169, 171, 175, 177, 178, 179, 184, 188, 190, 196, 197, 198, 208, 217, 219, 226, 229, 239, 241, 243, 249, 251, 252, 256, 259
--------------Average----------------
Ave Full Accuracy micro: 0.0493
Ave Standard PSO Selection Accuracy micro: 0.0494
Ave Super simple PSO Selection Accuracy  micro: 0.0504
Ave time of Standard PSO: 15.1600
Ave time of Super simple PSO: 8.0633
Ave Standard PSO Feature Ratio: 0.41
Ave Super simple PSO Feature Ratio: 0.36
