--------------Fold 1----------------
Full feature hamming loss: 0.0959
Fold selected hamming loss: 0.1011
Time of PSO: 105.1100
Selection ratio: 0.41
Selected features: 4, 6, 10, 11, 12, 14, 19, 29, 30, 32, 33, 34, 39, 41, 44, 45, 48, 49, 51, 53, 54, 55, 59, 61, 62, 63, 68, 69, 70, 71, 74, 75, 76, 77, 79, 80, 84, 85, 87, 88, 89, 90, 93, 94, 96, 97, 98, 100, 101, 102, 104, 108, 111, 114, 116, 117, 118, 119, 122, 125, 129, 130, 137, 139, 140, 146, 151, 155, 156, 158, 167, 168, 170, 171, 172, 177, 178, 180, 183, 185, 186, 188, 189, 190, 192, 193, 195, 197, 199, 200, 205, 206, 210, 216, 217, 218, 225, 228, 230, 231, 233, 234, 237, 238, 242, 248, 254, 255, 260, 261, 263, 264, 265, 269, 270, 279, 281, 283, 284, 285, 291
--------------Fold 2----------------
Full feature hamming loss: 0.0911
Fold selected hamming loss: 0.0953
Time of PSO: 103.8900
Selection ratio: 0.39
Selected features: 2, 9, 11, 12, 14, 17, 18, 21, 24, 29, 34, 41, 42, 44, 45, 46, 47, 49, 50, 51, 54, 56, 57, 58, 59, 60, 61, 63, 67, 68, 70, 74, 75, 77, 79, 83, 87, 91, 92, 96, 97, 99, 100, 102, 104, 109, 112, 113, 114, 116, 120, 125, 128, 132, 137, 139, 140, 142, 145, 146, 149, 151, 155, 157, 159, 165, 166, 167, 168, 169, 175, 176, 179, 186, 187, 188, 190, 191, 196, 197, 198, 202, 209, 210, 211, 216, 220, 222, 224, 226, 229, 230, 232, 236, 237, 238, 239, 242, 244, 248, 252, 257, 259, 260, 263, 265, 269, 270, 271, 276, 279, 280, 281, 284, 287, 290
--------------Fold 3----------------
Full feature hamming loss: 0.1118
Fold selected hamming loss: 0.1080
Time of PSO: 101.9600
Selection ratio: 0.43
Selected features: 2, 4, 7, 9, 11, 13, 14, 15, 16, 17, 22, 28, 31, 32, 35, 36, 37, 38, 39, 40, 41, 44, 47, 50, 52, 58, 60, 62, 66, 67, 68, 69, 71, 73, 74, 76, 78, 83, 86, 88, 89, 94, 97, 98, 103, 105, 106, 109, 111, 113, 114, 116, 118, 123, 126, 127, 129, 130, 131, 132, 136, 137, 145, 146, 148, 150, 154, 155, 157, 158, 159, 161, 163, 167, 168, 171, 172, 174, 176, 177, 179, 180, 181, 183, 186, 195, 196, 198, 200, 208, 210, 211, 213, 214, 216, 217, 219, 223, 225, 226, 227, 228, 229, 230, 231, 232, 233, 236, 239, 241, 244, 247, 248, 249, 251, 252, 254, 255, 258, 261, 264, 266, 269, 275, 284, 285, 286
--------------Fold 4----------------
Full feature hamming loss: 0.1035
Fold selected hamming loss: 0.1062
Time of PSO: 101.7400
Selection ratio: 0.40
Selected features: 0, 1, 2, 4, 6, 10, 12, 14, 17, 19, 21, 22, 27, 28, 30, 32, 38, 42, 45, 46, 48, 54, 57, 58, 60, 61, 62, 64, 65, 66, 69, 73, 76, 79, 82, 84, 86, 87, 88, 93, 95, 98, 99, 100, 104, 107, 111, 112, 114, 115, 124, 125, 127, 128, 130, 137, 140, 142, 144, 148, 149, 151, 152, 156, 158, 159, 164, 166, 167, 168, 172, 173, 177, 180, 181, 184, 186, 189, 191, 192, 193, 196, 202, 203, 204, 206, 208, 210, 212, 213, 214, 215, 217, 218, 224, 227, 228, 231, 234, 235, 236, 242, 243, 248, 255, 257, 258, 259, 266, 273, 274, 275, 285, 288, 289, 292, 293
--------------Fold 5----------------
Full feature hamming loss: 0.0889
Fold selected hamming loss: 0.1034
Time of PSO: 104.7700
Selection ratio: 0.44
Selected features: 0, 7, 8, 9, 13, 14, 15, 17, 20, 21, 22, 24, 28, 32, 34, 36, 37, 41, 43, 49, 50, 52, 53, 60, 62, 69, 70, 72, 73, 76, 77, 78, 84, 85, 90, 91, 93, 94, 96, 99, 100, 105, 106, 107, 108, 110, 114, 117, 120, 121, 122, 123, 126, 128, 129, 130, 131, 134, 135, 136, 137, 138, 139, 141, 142, 143, 148, 152, 153, 156, 159, 164, 165, 167, 168, 169, 174, 176, 177, 178, 179, 193, 194, 195, 197, 204, 206, 207, 211, 213, 214, 215, 217, 219, 222, 225, 227, 228, 229, 230, 234, 235, 236, 239, 241, 244, 245, 246, 250, 252, 253, 255, 256, 257, 259, 262, 263, 267, 268, 270, 271, 275, 276, 286, 287, 288, 289, 290, 292, 293
--------------Average----------------
Ave Full Accuracy: 0.0982
Ave Selection Accuracy: 0.1028
Ave time of PSO: 103.4940
Ave Feature Ratio: 0.42
