--------------Fold 1----------------
Full feature hamming loss: 0.0517
Fold selected standard PSO hamming loss: 0.0494
Fold selected super simple PSO hamming loss: 0.0536
Time of standard PSO: 26.4900
Time of super simple PSO: 12.2500
Selection standard PSO ratio: 0.39
Selection super simple PSO ratio: 0.39
Selected features standard PSO: 1, 8, 12, 13, 15, 16, 20, 21, 24, 26, 37, 43, 46, 47, 50, 54, 55, 57, 61, 62, 64, 68, 70, 74, 77, 81, 82, 84, 85, 89, 92, 97, 101, 102, 108, 112, 113, 118, 119, 122, 123, 126, 128, 129, 130, 131, 132, 133, 134, 135, 138, 139, 141, 142, 143, 146, 148, 150, 151, 152, 159, 160, 163, 164, 165, 167, 170, 171, 173, 180, 181, 190, 192, 193, 195, 196, 199, 201, 203, 206, 207, 210, 211, 212, 213, 219, 220, 221, 227, 228, 229, 232, 234, 236, 237, 244, 247, 248, 250, 254, 257, 259
Selected features super simple PSO: 0, 2, 5, 6, 10, 11, 13, 20, 21, 23, 24, 26, 27, 29, 34, 41, 49, 50, 51, 53, 54, 59, 62, 63, 66, 67, 72, 74, 78, 79, 80, 82, 84, 85, 87, 94, 97, 98, 101, 102, 103, 105, 106, 108, 110, 112, 114, 115, 118, 121, 126, 132, 134, 135, 137, 139, 142, 143, 145, 151, 152, 155, 157, 161, 163, 167, 173, 174, 175, 177, 178, 179, 180, 182, 184, 193, 197, 211, 212, 213, 214, 215, 218, 224, 228, 229, 230, 234, 235, 236, 237, 241, 242, 243, 244, 246, 248, 249, 254, 257, 258
--------------Fold 2----------------
Full feature hamming loss: 0.0443
Fold selected standard PSO hamming loss: 0.0514
Fold selected super simple PSO hamming loss: 0.0509
Time of standard PSO: 25.4500
Time of super simple PSO: 12.3400
Selection standard PSO ratio: 0.35
Selection super simple PSO ratio: 0.29
Selected features standard PSO: 3, 6, 8, 15, 18, 19, 20, 25, 30, 31, 32, 33, 35, 37, 40, 41, 46, 48, 53, 54, 57, 58, 63, 66, 67, 75, 76, 79, 80, 87, 88, 91, 93, 95, 96, 97, 100, 107, 109, 110, 111, 114, 116, 117, 118, 120, 121, 122, 124, 125, 126, 127, 134, 139, 143, 144, 145, 147, 156, 158, 162, 165, 167, 170, 176, 179, 182, 185, 188, 191, 193, 194, 196, 197, 205, 212, 213, 216, 224, 231, 236, 239, 240, 241, 242, 243, 245, 248, 256, 257, 259
Selected features super simple PSO: 1, 5, 6, 10, 12, 13, 16, 20, 25, 31, 32, 34, 50, 51, 53, 58, 60, 61, 62, 69, 71, 74, 77, 78, 79, 81, 86, 90, 96, 102, 104, 105, 106, 109, 113, 116, 119, 120, 122, 126, 128, 134, 135, 138, 148, 149, 150, 151, 153, 156, 160, 171, 173, 174, 178, 179, 183, 194, 198, 207, 210, 212, 214, 220, 223, 228, 233, 238, 240, 241, 243, 244, 245, 248, 256
--------------Fold 3----------------
Full feature hamming loss: 0.0475
Fold selected standard PSO hamming loss: 0.0455
Fold selected super simple PSO hamming loss: 0.0443
Time of standard PSO: 25.7400
Time of super simple PSO: 12.3200
Selection standard PSO ratio: 0.33
Selection super simple PSO ratio: 0.40
Selected features standard PSO: 2, 3, 4, 6, 7, 15, 17, 20, 21, 22, 28, 31, 34, 36, 38, 42, 44, 45, 46, 49, 52, 54, 56, 61, 64, 65, 66, 67, 72, 77, 79, 83, 91, 92, 96, 98, 102, 106, 107, 111, 113, 115, 116, 117, 125, 126, 132, 133, 137, 138, 145, 146, 149, 150, 160, 165, 166, 167, 170, 171, 173, 183, 185, 186, 188, 191, 197, 199, 200, 202, 215, 223, 226, 227, 230, 231, 232, 233, 235, 237, 243, 248, 252, 257, 259
Selected features super simple PSO: 2, 3, 6, 9, 12, 14, 20, 21, 24, 25, 26, 31, 32, 33, 34, 37, 38, 39, 40, 41, 45, 46, 47, 52, 54, 57, 59, 60, 63, 64, 72, 73, 82, 84, 85, 86, 92, 93, 94, 97, 100, 101, 102, 103, 106, 113, 115, 116, 117, 120, 122, 123, 124, 126, 127, 128, 130, 131, 143, 145, 147, 149, 150, 151, 153, 160, 162, 168, 170, 171, 176, 181, 182, 185, 188, 190, 191, 194, 198, 199, 200, 201, 202, 203, 209, 210, 211, 212, 216, 218, 219, 222, 225, 241, 242, 245, 246, 247, 248, 249, 251, 253, 254, 259
--------------Average----------------
Ave Full Accuracy hamming loss: 0.0478
Ave Standard PSO Selection Accuracy hamming loss: 0.0488
Ave Super simple PSO Selection Accuracy  hamming loss: 0.0496
Ave time of Standard PSO: 25.8933
Ave time of Super simple PSO: 12.3033
Ave Standard PSO Feature Ratio: 0.36
Ave Super simple PSO Feature Ratio: 0.36
