--------------Fold 1----------------
Full feature f1 score micro: 0.6387
Fold selected f1 score micro: 0.6572
Time of PSO: 1126.3600
Selection ratio: 0.39
Selected features: 2, 4, 15, 19, 21, 22, 24, 25, 27, 28, 33, 36, 38, 45, 49, 52, 57, 61, 65, 66, 67, 72, 73, 79, 81, 84, 87, 90, 92, 93, 96, 97, 98, 99, 101, 103, 107, 114, 115, 116, 118, 119, 120, 121, 123, 124, 125, 127, 131, 132, 133, 134, 139, 141, 142, 143, 146, 152, 153, 154, 161, 164, 165, 166, 168, 170, 172, 173, 176, 179, 180, 184, 185, 188, 190, 192, 193, 194, 195, 196, 197, 198, 199, 200, 204, 206, 207, 209, 211, 212, 215, 216, 217, 219, 221, 223, 224, 226, 228, 237, 238, 239, 240, 241, 243, 246, 248, 254, 255, 257, 260, 261, 262, 265, 268, 277, 282, 283, 284, 285, 286, 287, 288, 292, 295, 296, 297, 298, 301, 303, 306, 307, 310, 314, 318, 322, 324, 325, 327, 332, 334, 337, 338, 339, 342, 344, 345, 347, 348, 352, 355, 357, 358, 363, 367, 375, 382, 383, 384, 388, 390, 392, 396, 397, 400, 402, 403, 404, 405, 406, 407, 409, 414, 415, 418, 421, 422, 424, 426, 429, 430, 434, 436, 438, 440, 442, 444, 445, 446, 447, 452, 453, 455, 456, 458, 459, 464, 465, 467, 469, 471, 477, 489, 491, 492, 497, 499, 500, 503, 504, 506, 512, 513, 518, 519, 528, 539, 542, 545, 547, 551, 554, 563, 564, 565, 567, 568, 571, 572, 577, 583, 586, 588, 593, 594, 596, 597, 603, 607, 608, 609, 610, 615, 616, 619, 621, 624, 627, 629, 630, 635, 637, 642, 643, 644, 645, 646, 649, 653, 654, 656, 663, 664, 670, 671, 676, 679, 685, 687, 690, 692, 697, 698, 701, 705, 708, 712, 714, 716, 717, 721, 726, 727, 729, 731, 736, 738, 742, 743, 745, 749, 751, 752, 754, 759, 761, 771, 772, 774, 776, 777, 778, 782, 784, 785, 786, 788, 790, 791, 794, 796, 804, 808, 810, 812, 813, 815, 817, 821, 823, 825, 829, 831, 839, 841, 843, 845, 846, 853, 854, 855, 856, 857, 858, 859, 861, 863, 866, 870, 872, 878, 886, 888, 889, 891, 895, 897, 899, 908, 912, 913, 914, 917, 919, 922, 925, 929, 930, 931, 932, 937, 941, 942, 945, 950, 952, 953, 960, 962, 964, 970, 976, 978, 980, 982, 984, 985, 986, 987, 988, 989, 990, 992, 993, 998, 999, 1003, 1008, 1015, 1016, 1022, 1023, 1024, 1026, 1033, 1034, 1036, 1037, 1043, 1046, 1049, 1056, 1061, 1062, 1063, 1067, 1068, 1072, 1074, 1075, 1080, 1081, 1082, 1084, 1087, 1090, 1092, 1098, 1101, 1103, 1105, 1108, 1110, 1111, 1114, 1116, 1118, 1119, 1121, 1122, 1123, 1126, 1129, 1138, 1143, 1145, 1147, 1148, 1149, 1152, 1153, 1157, 1158, 1159, 1160, 1161, 1164, 1166, 1169, 1171, 1173, 1176, 1178, 1180, 1181, 1187, 1188, 1196, 1201, 1203, 1204, 1205, 1206, 1209, 1218, 1223, 1235, 1236, 1238, 1242, 1245, 1248, 1249, 1250, 1252, 1256, 1257, 1259, 1262, 1263, 1264, 1265, 1266, 1267, 1268, 1269, 1273, 1274, 1279, 1280, 1283, 1284, 1286, 1288, 1289, 1291, 1297, 1298, 1308, 1309, 1310, 1312, 1314, 1318, 1321, 1324, 1326, 1330, 1338, 1339, 1341, 1344, 1345, 1346, 1347, 1348, 1350, 1354, 1356, 1360, 1361, 1363, 1366, 1367, 1368, 1370, 1373, 1374, 1375, 1382, 1384, 1386, 1387, 1389, 1393, 1394, 1395, 1399, 1401, 1404, 1406, 1407, 1410, 1411, 1412, 1415, 1417, 1418, 1420, 1426, 1428, 1429, 1430, 1431, 1432, 1434, 1435, 1440, 1441, 1445
--------------Fold 2----------------
Full feature f1 score micro: 0.6546
Fold selected f1 score micro: 0.6185
Time of PSO: 1396.8300
Selection ratio: 0.36
Selected features: 0, 4, 5, 8, 11, 12, 14, 19, 21, 23, 28, 31, 34, 38, 40, 41, 45, 47, 48, 49, 50, 55, 57, 58, 59, 60, 61, 65, 66, 67, 76, 77, 78, 79, 81, 82, 87, 88, 89, 97, 98, 100, 102, 104, 106, 110, 111, 113, 116, 119, 120, 121, 123, 124, 125, 128, 129, 132, 133, 136, 141, 145, 146, 148, 152, 154, 166, 168, 169, 170, 172, 178, 182, 183, 186, 192, 193, 201, 202, 203, 214, 218, 221, 222, 224, 226, 231, 232, 233, 234, 235, 239, 240, 241, 245, 246, 250, 251, 256, 262, 263, 264, 265, 266, 271, 274, 284, 285, 286, 288, 289, 291, 292, 298, 302, 305, 306, 307, 311, 314, 315, 317, 321, 323, 326, 328, 330, 331, 333, 339, 340, 341, 343, 344, 347, 348, 354, 356, 357, 363, 366, 374, 375, 377, 381, 388, 392, 393, 397, 398, 400, 402, 406, 408, 412, 415, 416, 419, 421, 424, 425, 427, 429, 430, 431, 433, 434, 437, 440, 441, 442, 454, 455, 456, 457, 464, 466, 471, 474, 475, 478, 479, 481, 482, 483, 493, 496, 499, 501, 506, 507, 509, 511, 514, 515, 516, 518, 524, 527, 529, 536, 539, 542, 544, 546, 550, 557, 560, 561, 562, 565, 567, 574, 580, 581, 583, 584, 586, 589, 590, 592, 595, 597, 599, 600, 604, 608, 610, 613, 616, 623, 625, 628, 630, 631, 632, 634, 645, 647, 654, 657, 661, 662, 663, 664, 666, 673, 676, 679, 681, 685, 692, 699, 703, 705, 706, 709, 710, 711, 713, 722, 724, 727, 728, 735, 739, 741, 743, 748, 750, 752, 757, 763, 767, 771, 776, 779, 780, 781, 795, 798, 802, 803, 804, 806, 809, 810, 811, 813, 820, 823, 824, 828, 830, 833, 834, 835, 838, 844, 845, 847, 852, 853, 854, 858, 859, 866, 868, 871, 874, 876, 877, 879, 880, 883, 884, 889, 892, 894, 895, 900, 902, 908, 910, 911, 916, 917, 918, 919, 921, 922, 924, 926, 927, 928, 929, 934, 938, 950, 952, 954, 955, 958, 960, 964, 965, 972, 974, 975, 976, 981, 985, 988, 990, 993, 1001, 1006, 1007, 1010, 1013, 1016, 1020, 1021, 1022, 1023, 1027, 1029, 1032, 1034, 1035, 1037, 1041, 1045, 1046, 1047, 1049, 1050, 1052, 1057, 1067, 1070, 1072, 1079, 1083, 1085, 1088, 1089, 1091, 1095, 1099, 1106, 1107, 1111, 1112, 1115, 1116, 1124, 1125, 1126, 1130, 1131, 1132, 1133, 1136, 1137, 1145, 1146, 1153, 1154, 1156, 1158, 1161, 1166, 1168, 1170, 1172, 1177, 1180, 1181, 1182, 1185, 1192, 1195, 1201, 1203, 1204, 1211, 1214, 1217, 1223, 1226, 1227, 1235, 1238, 1239, 1240, 1241, 1244, 1252, 1254, 1255, 1258, 1260, 1266, 1269, 1272, 1274, 1277, 1282, 1285, 1287, 1288, 1290, 1293, 1294, 1295, 1296, 1299, 1300, 1305, 1307, 1310, 1313, 1315, 1316, 1317, 1319, 1324, 1327, 1331, 1333, 1339, 1341, 1343, 1344, 1348, 1349, 1350, 1355, 1356, 1357, 1366, 1372, 1373, 1376, 1377, 1381, 1382, 1383, 1388, 1389, 1392, 1394, 1395, 1400, 1402, 1404, 1406, 1408, 1409, 1411, 1412, 1413, 1417, 1420, 1422, 1426, 1427, 1428, 1433, 1434, 1436, 1438, 1445, 1447
--------------Fold 3----------------
Full feature f1 score micro: 0.6557
Fold selected f1 score micro: 0.7154
Time of PSO: 1015.1000
Selection ratio: 0.41
Selected features: 1, 8, 9, 11, 13, 17, 19, 20, 22, 23, 25, 27, 28, 30, 31, 33, 34, 35, 36, 37, 38, 40, 42, 43, 44, 46, 48, 50, 52, 54, 57, 60, 62, 64, 67, 69, 71, 73, 77, 80, 81, 86, 87, 90, 91, 92, 94, 97, 98, 99, 101, 102, 104, 107, 108, 109, 120, 121, 123, 126, 133, 134, 135, 139, 143, 145, 147, 149, 151, 152, 158, 160, 165, 166, 169, 172, 177, 180, 183, 184, 190, 202, 209, 212, 213, 214, 217, 218, 219, 220, 224, 226, 227, 228, 231, 232, 234, 235, 238, 243, 244, 249, 250, 252, 253, 263, 268, 269, 270, 276, 279, 280, 283, 288, 289, 291, 294, 296, 297, 299, 300, 301, 302, 304, 305, 306, 307, 309, 313, 314, 315, 317, 321, 327, 332, 337, 338, 340, 341, 342, 343, 344, 345, 349, 354, 355, 363, 364, 370, 373, 374, 377, 378, 380, 382, 385, 389, 391, 392, 394, 396, 399, 402, 405, 407, 409, 414, 415, 416, 418, 420, 421, 423, 427, 428, 431, 432, 441, 442, 443, 444, 445, 449, 451, 452, 453, 455, 457, 465, 467, 470, 471, 475, 479, 480, 482, 483, 488, 489, 490, 493, 494, 495, 498, 499, 501, 502, 504, 507, 519, 521, 524, 527, 530, 532, 536, 537, 538, 539, 541, 546, 547, 548, 550, 553, 558, 559, 561, 564, 565, 566, 567, 569, 570, 571, 572, 573, 574, 575, 577, 581, 584, 586, 587, 593, 595, 597, 598, 601, 615, 619, 620, 623, 624, 625, 631, 632, 635, 639, 643, 645, 646, 649, 650, 651, 654, 655, 658, 659, 661, 662, 663, 666, 668, 671, 677, 678, 679, 681, 685, 691, 695, 699, 701, 704, 706, 716, 717, 719, 722, 723, 724, 725, 727, 728, 729, 730, 731, 735, 736, 737, 738, 741, 743, 747, 749, 750, 752, 755, 757, 759, 764, 765, 767, 769, 770, 773, 777, 778, 779, 780, 784, 785, 789, 792, 797, 802, 806, 808, 809, 810, 811, 812, 813, 814, 815, 817, 819, 821, 824, 825, 826, 827, 831, 840, 841, 842, 846, 847, 849, 850, 851, 852, 855, 856, 858, 859, 861, 862, 864, 865, 866, 870, 871, 872, 874, 878, 880, 881, 884, 888, 889, 894, 895, 896, 897, 898, 899, 901, 909, 912, 915, 916, 917, 920, 923, 925, 927, 932, 945, 946, 949, 950, 953, 954, 955, 956, 958, 961, 962, 964, 967, 968, 969, 970, 975, 977, 982, 983, 984, 987, 990, 996, 997, 1000, 1006, 1008, 1010, 1012, 1013, 1014, 1017, 1019, 1023, 1025, 1027, 1028, 1030, 1032, 1033, 1035, 1036, 1040, 1045, 1048, 1051, 1053, 1056, 1061, 1062, 1063, 1068, 1072, 1078, 1079, 1085, 1087, 1090, 1091, 1092, 1093, 1095, 1097, 1098, 1099, 1100, 1102, 1105, 1107, 1108, 1111, 1114, 1115, 1117, 1120, 1124, 1131, 1135, 1138, 1139, 1143, 1148, 1149, 1155, 1158, 1159, 1160, 1168, 1175, 1181, 1185, 1187, 1191, 1192, 1194, 1196, 1197, 1198, 1199, 1200, 1201, 1202, 1203, 1205, 1210, 1213, 1214, 1217, 1219, 1220, 1224, 1225, 1228, 1237, 1238, 1243, 1247, 1248, 1252, 1254, 1255, 1256, 1258, 1259, 1260, 1264, 1266, 1268, 1272, 1276, 1277, 1282, 1284, 1289, 1292, 1293, 1296, 1297, 1299, 1300, 1304, 1306, 1307, 1308, 1312, 1313, 1321, 1324, 1328, 1330, 1332, 1333, 1334, 1338, 1339, 1341, 1343, 1344, 1348, 1349, 1351, 1353, 1354, 1361, 1363, 1365, 1366, 1367, 1373, 1374, 1375, 1376, 1377, 1378, 1379, 1385, 1386, 1387, 1389, 1390, 1393, 1395, 1396, 1399, 1401, 1404, 1405, 1406, 1411, 1412, 1417, 1422, 1426, 1430, 1431, 1437, 1440, 1443, 1444, 1445, 1447
--------------Average----------------
Ave Full Accuracy: 0.6497
Ave Selection Accuracy: 0.6637
Ave time of PSO: 1179.4300
Ave Feature Ratio: 0.38
