--------------Fold 1----------------
Full feature f1 score micro: 0.4836
Fold selected standard PSO f1 score micro: 0.5185
Fold selected super simple PSO f1 score micro: 0.4912
Full feature f1 score macro: 0.1641
Fold selected standard PSO f1 score macro: 0.1666
Fold selected super simple PSO f1 score macro: 0.1641
Time of standard PSO: 110.8000
Time of super simple PSO: 57.0400
Selection standard PSO ratio: 0.42
Selection super simple PSO ratio: 0.40
Selected features standard PSO: 0, 2, 3, 5, 8, 13, 14, 20, 22, 23, 25, 26, 29, 30, 31, 33, 38, 42, 43, 44, 45, 46, 48, 51, 55, 56, 57, 60, 62, 63, 64, 68, 69, 73, 77, 78, 80, 83, 86, 88, 90, 98, 99, 103, 108, 113, 117, 118, 128, 129, 131, 133, 134, 135, 136, 137, 139, 140, 141, 147, 149, 150, 152, 153, 154, 155, 157, 158, 159, 162, 163, 164, 165, 166, 172, 173, 174, 176, 178, 179, 182, 185, 188, 192, 193, 197, 198, 201, 203, 204, 205, 207, 208, 212, 215, 222, 224, 228, 230, 231, 232, 234, 237, 240, 242, 243, 244, 246, 249, 256, 257, 258, 259, 260, 262, 264, 267, 269, 275, 279, 283, 284, 285, 286, 287, 289, 290, 293, 294, 295, 298, 299, 302, 304, 305, 309, 310, 312, 314, 317, 318, 321, 322, 330, 332, 335, 339, 340, 341, 342, 343, 351, 354, 355, 357, 361, 362, 364, 365, 367, 369, 374, 378, 382, 385, 387, 390, 393, 394, 395, 396, 398, 400, 401, 402, 406, 407, 410, 411, 412, 415, 418, 420, 421, 422, 425, 426, 427, 429, 432, 434, 435, 439, 441, 443, 444, 448, 449, 451, 452, 453, 455, 456, 458, 463, 465, 468, 469, 470, 475, 479, 484, 489, 492, 499, 501, 504, 507, 510, 511, 512, 514, 516, 518, 519, 526, 528, 529, 536, 538, 546, 550, 551, 552, 554, 555, 556, 559, 563, 564, 565, 569, 571, 575, 576, 577, 583, 585, 586, 588, 589, 591, 593, 594, 595, 596, 606, 607, 608, 610, 611, 612, 614, 615, 617, 620, 621, 623, 631, 633, 641, 644, 645, 647, 648, 650, 652, 653, 658, 660, 664, 667, 668, 674, 678, 679, 681, 683, 685, 687, 696, 699, 702, 703, 704, 709, 712, 714, 715, 718, 723, 724, 728, 729, 731, 732, 739, 740, 744, 745, 747, 750, 751, 752, 754, 755, 756, 759, 761, 762, 766, 767, 768, 770, 773, 778, 779, 780, 781, 787, 788, 789, 792, 796, 798, 802, 803, 807, 808, 809, 810, 811, 815, 816, 817, 818, 819, 820, 821, 822, 825, 829, 832, 833, 834, 837, 839, 841, 843, 846, 847, 849, 852, 856, 862, 863, 864, 866, 869, 875, 877, 881, 884, 890, 892, 894, 895, 896, 899, 900, 904, 908, 910, 914, 915, 919, 920, 922, 924, 925, 927, 928, 929, 932, 934, 935, 937, 938, 941, 942, 946, 950, 952, 957, 960, 963, 964, 965, 970, 971, 972, 975, 976, 982, 983, 984, 985, 994, 998, 999, 1000
Selected features super simple PSO: 3, 7, 17, 18, 19, 20, 21, 23, 27, 28, 29, 30, 37, 38, 41, 44, 50, 52, 54, 55, 56, 57, 65, 66, 67, 68, 69, 70, 72, 73, 75, 78, 79, 80, 81, 83, 85, 86, 90, 91, 99, 100, 107, 109, 110, 111, 112, 116, 120, 121, 122, 123, 125, 126, 131, 132, 138, 139, 140, 141, 143, 146, 148, 151, 153, 158, 160, 163, 164, 165, 167, 169, 174, 176, 179, 180, 183, 184, 187, 192, 194, 199, 202, 203, 206, 217, 221, 222, 231, 234, 235, 239, 246, 250, 252, 253, 254, 256, 258, 260, 262, 267, 270, 271, 277, 278, 279, 281, 285, 286, 288, 291, 292, 293, 294, 297, 298, 300, 304, 305, 307, 309, 310, 314, 316, 317, 318, 319, 320, 321, 322, 325, 327, 332, 338, 340, 343, 344, 346, 348, 352, 354, 365, 366, 367, 368, 369, 372, 373, 374, 375, 376, 379, 380, 382, 383, 386, 388, 389, 398, 401, 407, 409, 411, 413, 417, 419, 423, 425, 426, 427, 430, 431, 432, 433, 435, 448, 452, 453, 460, 462, 464, 468, 470, 471, 473, 478, 482, 484, 485, 486, 488, 490, 491, 492, 493, 495, 497, 499, 500, 501, 502, 510, 514, 515, 516, 517, 518, 522, 523, 527, 530, 531, 534, 539, 543, 546, 548, 550, 551, 553, 556, 557, 561, 563, 564, 567, 569, 570, 571, 574, 577, 579, 582, 583, 584, 586, 589, 591, 594, 596, 602, 604, 605, 607, 609, 610, 614, 616, 618, 621, 623, 624, 625, 626, 627, 629, 631, 632, 633, 635, 636, 639, 640, 641, 650, 651, 653, 654, 657, 660, 663, 664, 665, 666, 674, 679, 680, 683, 687, 689, 693, 697, 698, 699, 703, 705, 711, 714, 715, 717, 719, 723, 725, 727, 728, 732, 735, 740, 741, 742, 744, 745, 747, 748, 751, 752, 753, 755, 759, 760, 767, 768, 770, 776, 778, 779, 780, 781, 783, 784, 786, 788, 790, 794, 795, 799, 801, 803, 808, 810, 811, 815, 817, 820, 821, 822, 825, 829, 832, 834, 836, 839, 840, 845, 850, 853, 855, 858, 862, 867, 869, 875, 880, 883, 884, 886, 888, 891, 893, 899, 902, 903, 905, 906, 908, 909, 910, 912, 914, 915, 919, 923, 926, 927, 928, 930, 932, 936, 937, 941, 942, 951, 958, 959, 962, 966, 969, 976, 978, 980, 981, 983, 984, 985, 986, 988, 989, 991, 992, 993, 997, 998, 1000
--------------Fold 2----------------
Full feature f1 score micro: 0.5013
Fold selected standard PSO f1 score micro: 0.5017
Fold selected super simple PSO f1 score micro: 0.4878
Full feature f1 score macro: 0.1757
Fold selected standard PSO f1 score macro: 0.1458
Fold selected super simple PSO f1 score macro: 0.1445
Time of standard PSO: 110.3700
Time of super simple PSO: 58.0600
Selection standard PSO ratio: 0.36
Selection super simple PSO ratio: 0.40
Selected features standard PSO: 1, 5, 7, 10, 12, 13, 15, 16, 17, 23, 34, 36, 37, 39, 43, 44, 46, 48, 50, 57, 61, 63, 68, 76, 79, 80, 81, 85, 87, 88, 93, 94, 101, 102, 105, 106, 113, 117, 123, 124, 127, 130, 131, 138, 139, 140, 142, 145, 149, 154, 155, 157, 161, 164, 165, 167, 175, 177, 182, 183, 185, 186, 187, 188, 191, 192, 193, 194, 197, 198, 200, 206, 209, 211, 212, 215, 217, 220, 221, 230, 232, 235, 238, 242, 248, 249, 254, 257, 260, 261, 263, 264, 265, 271, 272, 274, 282, 284, 286, 287, 290, 291, 292, 293, 295, 298, 299, 300, 305, 306, 310, 312, 313, 314, 316, 317, 319, 320, 325, 326, 333, 335, 336, 341, 344, 346, 348, 349, 350, 351, 353, 361, 363, 366, 373, 376, 377, 378, 380, 382, 383, 386, 388, 393, 395, 396, 397, 399, 400, 411, 415, 419, 421, 423, 426, 429, 430, 431, 432, 433, 439, 442, 443, 444, 449, 451, 452, 454, 456, 457, 459, 460, 461, 463, 465, 466, 471, 472, 473, 475, 476, 478, 483, 484, 487, 491, 494, 502, 510, 513, 514, 516, 521, 524, 525, 528, 530, 534, 537, 539, 541, 542, 547, 548, 550, 554, 558, 559, 561, 563, 565, 566, 569, 570, 573, 574, 579, 582, 584, 585, 590, 594, 595, 598, 601, 606, 607, 610, 612, 617, 618, 624, 626, 627, 629, 636, 640, 645, 653, 656, 661, 669, 671, 672, 673, 674, 675, 682, 689, 690, 691, 692, 697, 699, 701, 708, 709, 711, 712, 715, 718, 719, 720, 723, 725, 730, 731, 732, 737, 739, 740, 742, 743, 748, 751, 755, 759, 760, 761, 762, 765, 767, 769, 775, 776, 778, 779, 780, 781, 782, 784, 789, 791, 793, 797, 798, 800, 808, 810, 815, 816, 817, 820, 821, 824, 831, 833, 836, 840, 841, 843, 844, 845, 848, 849, 853, 855, 856, 857, 873, 878, 881, 884, 886, 887, 894, 896, 897, 901, 905, 910, 911, 913, 914, 916, 919, 921, 924, 925, 928, 929, 935, 943, 955, 956, 960, 964, 973, 976, 979, 981, 986, 988, 989, 993, 994, 995, 998
Selected features super simple PSO: 0, 1, 4, 5, 10, 11, 12, 16, 17, 19, 21, 23, 25, 26, 27, 30, 31, 33, 37, 38, 39, 40, 42, 43, 45, 46, 47, 55, 56, 59, 63, 64, 65, 67, 68, 70, 72, 74, 77, 79, 84, 85, 92, 97, 99, 100, 101, 106, 107, 108, 109, 111, 112, 113, 114, 116, 117, 119, 126, 128, 132, 135, 139, 140, 145, 149, 152, 154, 156, 157, 162, 164, 165, 168, 170, 171, 175, 176, 177, 178, 182, 189, 192, 194, 196, 197, 200, 203, 205, 207, 211, 215, 217, 221, 223, 224, 227, 230, 231, 233, 234, 238, 241, 245, 246, 249, 252, 254, 256, 258, 259, 261, 264, 267, 272, 275, 279, 280, 281, 282, 283, 285, 288, 289, 292, 300, 301, 305, 309, 310, 312, 314, 317, 319, 324, 328, 329, 333, 334, 339, 344, 345, 348, 350, 352, 354, 357, 361, 362, 366, 368, 373, 378, 379, 382, 388, 394, 398, 399, 400, 401, 402, 405, 406, 408, 409, 410, 413, 415, 418, 419, 421, 422, 425, 428, 430, 431, 438, 440, 446, 447, 448, 450, 451, 454, 455, 457, 461, 463, 466, 469, 473, 475, 482, 485, 491, 492, 493, 495, 497, 499, 504, 505, 512, 514, 515, 517, 519, 520, 521, 523, 525, 527, 528, 530, 531, 538, 544, 546, 552, 553, 560, 561, 569, 570, 572, 576, 577, 578, 579, 582, 587, 591, 592, 593, 595, 600, 601, 603, 607, 614, 615, 617, 620, 622, 624, 627, 630, 634, 635, 636, 637, 639, 641, 644, 645, 648, 649, 651, 652, 654, 657, 658, 660, 661, 665, 668, 669, 679, 680, 681, 682, 684, 686, 687, 688, 690, 692, 694, 697, 704, 707, 710, 717, 718, 719, 722, 723, 726, 728, 733, 736, 738, 739, 741, 742, 757, 758, 759, 760, 761, 763, 764, 766, 768, 769, 770, 771, 773, 774, 776, 777, 778, 779, 780, 781, 782, 785, 787, 788, 797, 799, 801, 804, 805, 806, 807, 808, 809, 812, 813, 815, 817, 819, 822, 823, 825, 827, 829, 831, 832, 835, 838, 840, 841, 843, 847, 850, 851, 852, 857, 860, 861, 867, 869, 871, 872, 873, 876, 877, 878, 880, 886, 887, 896, 897, 901, 902, 906, 909, 911, 920, 921, 925, 926, 927, 931, 932, 933, 934, 936, 941, 944, 948, 953, 960, 965, 966, 968, 980, 982, 983, 984, 987, 990, 991, 992, 995, 997
--------------Fold 3----------------
Full feature f1 score micro: 0.4383
Fold selected standard PSO f1 score micro: 0.4740
Fold selected super simple PSO f1 score micro: 0.4730
Full feature f1 score macro: 0.1581
Fold selected standard PSO f1 score macro: 0.1473
Fold selected super simple PSO f1 score macro: 0.1531
Time of standard PSO: 109.4300
Time of super simple PSO: 57.1900
Selection standard PSO ratio: 0.38
Selection super simple PSO ratio: 0.38
Selected features standard PSO: 4, 5, 6, 8, 10, 12, 15, 17, 19, 20, 21, 24, 25, 26, 27, 31, 37, 42, 45, 46, 49, 51, 54, 59, 62, 65, 70, 71, 74, 82, 83, 87, 89, 91, 92, 96, 97, 99, 100, 102, 104, 106, 107, 108, 110, 112, 119, 122, 123, 127, 129, 131, 134, 135, 138, 139, 140, 147, 149, 156, 158, 161, 163, 164, 168, 169, 173, 182, 184, 189, 190, 192, 193, 196, 198, 199, 202, 203, 204, 207, 209, 211, 213, 215, 216, 218, 219, 221, 222, 224, 225, 227, 228, 232, 236, 238, 244, 247, 248, 251, 253, 254, 255, 257, 260, 263, 266, 270, 271, 272, 273, 274, 281, 282, 283, 284, 285, 288, 292, 296, 299, 303, 306, 307, 309, 310, 311, 314, 315, 319, 320, 321, 324, 328, 331, 333, 340, 342, 344, 346, 347, 351, 352, 353, 357, 359, 361, 364, 370, 376, 378, 383, 384, 385, 388, 389, 392, 395, 396, 398, 399, 400, 403, 413, 414, 416, 418, 419, 420, 423, 426, 430, 436, 439, 448, 453, 454, 455, 462, 465, 466, 467, 472, 473, 475, 476, 479, 481, 483, 486, 489, 491, 492, 500, 504, 508, 510, 511, 512, 513, 515, 516, 517, 520, 521, 526, 527, 528, 530, 532, 533, 534, 537, 538, 540, 544, 547, 548, 549, 551, 552, 553, 554, 556, 560, 563, 566, 568, 569, 570, 571, 575, 576, 578, 582, 584, 587, 590, 591, 594, 595, 599, 600, 602, 603, 605, 609, 615, 622, 624, 626, 627, 628, 632, 634, 637, 642, 644, 649, 650, 653, 657, 661, 662, 663, 668, 673, 678, 679, 681, 687, 688, 689, 695, 704, 705, 713, 714, 718, 722, 725, 726, 727, 728, 730, 732, 734, 736, 737, 739, 740, 741, 744, 745, 748, 757, 761, 762, 763, 769, 770, 773, 775, 776, 787, 788, 790, 793, 796, 801, 803, 807, 808, 810, 813, 814, 822, 825, 826, 828, 832, 834, 835, 838, 842, 844, 845, 846, 849, 851, 852, 853, 854, 856, 857, 860, 861, 864, 866, 867, 873, 876, 878, 879, 882, 884, 892, 895, 896, 901, 903, 904, 908, 909, 913, 914, 924, 926, 934, 935, 938, 939, 944, 945, 949, 951, 954, 955, 956, 957, 958, 960, 961, 964, 977, 979, 983, 985, 986, 987, 990, 991, 995, 997, 1000
Selected features super simple PSO: 0, 6, 8, 11, 12, 16, 18, 21, 24, 27, 34, 35, 37, 41, 45, 49, 50, 52, 53, 55, 56, 58, 62, 68, 70, 80, 81, 82, 86, 90, 95, 96, 99, 100, 102, 103, 106, 109, 111, 115, 120, 122, 129, 135, 146, 147, 152, 154, 157, 159, 160, 163, 164, 165, 166, 167, 169, 171, 173, 175, 176, 177, 183, 188, 193, 199, 201, 203, 205, 210, 211, 216, 219, 222, 224, 232, 236, 237, 243, 244, 245, 252, 253, 258, 261, 266, 267, 268, 269, 270, 271, 273, 274, 281, 284, 287, 289, 292, 294, 295, 297, 300, 304, 305, 307, 308, 311, 314, 315, 321, 324, 328, 329, 334, 338, 339, 340, 344, 345, 351, 353, 354, 355, 356, 359, 360, 361, 363, 366, 384, 386, 387, 388, 389, 390, 392, 393, 394, 397, 403, 408, 409, 415, 416, 417, 418, 419, 420, 423, 425, 426, 427, 435, 436, 438, 440, 442, 444, 446, 450, 461, 462, 465, 467, 468, 469, 473, 476, 478, 479, 482, 483, 484, 488, 491, 492, 493, 496, 499, 502, 505, 508, 516, 524, 527, 529, 531, 532, 533, 538, 539, 542, 544, 548, 549, 553, 555, 564, 569, 570, 575, 578, 580, 581, 582, 583, 587, 592, 594, 596, 598, 601, 603, 604, 606, 607, 609, 619, 621, 622, 624, 625, 627, 629, 631, 632, 634, 636, 640, 641, 642, 644, 647, 649, 651, 652, 653, 655, 658, 662, 666, 667, 671, 675, 676, 680, 681, 683, 684, 685, 687, 692, 698, 704, 705, 706, 712, 713, 715, 719, 720, 724, 726, 730, 734, 737, 739, 742, 743, 744, 748, 751, 753, 756, 757, 760, 762, 763, 764, 767, 770, 771, 772, 777, 780, 791, 792, 793, 794, 797, 799, 801, 805, 806, 807, 808, 812, 813, 814, 815, 817, 819, 820, 823, 827, 829, 830, 836, 837, 838, 839, 841, 847, 851, 853, 854, 857, 858, 859, 861, 864, 865, 867, 868, 869, 871, 874, 875, 878, 882, 883, 884, 886, 890, 891, 893, 898, 900, 902, 903, 906, 908, 911, 912, 919, 921, 927, 928, 931, 932, 934, 937, 939, 941, 942, 943, 945, 947, 949, 956, 958, 963, 964, 976, 978, 979, 980, 981, 983, 984, 985, 988, 994, 995, 996, 999
--------------Average----------------
Ave Full Accuracy micro: 0.4744
Ave Standard PSO Selection Accuracy micro: 0.4981
Ave Super simple PSO Selection Accuracy  micro: 0.4840
Ave Full Accuracy macro: 0.1660
Ave Standard PSO Selection Accuracy macro: 0.1533
Ave Super simple PSO Selection Accuracy macro: 0.1539
Ave time of Standard PSO: 110.2000
Ave time of Super simple PSO: 57.4300
Ave Standard PSO Feature Ratio: 0.39
Ave Super simple PSO Feature Ratio: 0.39
