--------------Fold 1----------------
Full feature f1 score micro: 0.6675
Fold selected standard PSO f1 score micro: 0.6425
Fold selected super simple PSO f1 score micro: 0.6712
Full feature f1 score macro: 0.2767
Fold selected standard PSO f1 score macro: 0.2297
Fold selected super simple PSO f1 score macro: 0.2255
Time of standard PSO: 56.7800
Time of super simple PSO: 31.5100
Selection standard PSO ratio: 0.33
Selection super simple PSO ratio: 0.42
Selected features standard PSO: 8, 10, 11, 23, 24, 28, 32, 34, 38, 52, 55, 60, 64, 65, 69, 73, 76, 77, 80, 83, 84, 85, 90, 93, 97, 98, 99, 101, 104, 108, 109, 111, 113, 115, 118, 122, 124, 128, 130, 131, 137, 139, 141, 142, 145, 154, 157, 159, 162, 166, 178, 179, 183, 186, 190, 192, 194, 195, 197, 201, 202, 204, 207, 210, 212, 220, 221, 227, 231, 232, 239, 242, 245, 248, 255, 258, 260, 262, 268, 271, 273, 278, 280, 284, 285, 286, 288, 294, 296, 297, 300, 308, 314, 318, 320, 322, 323, 324, 327, 329, 330, 335, 339, 344, 346, 348, 352, 357, 359, 361, 371, 375, 376, 377, 379, 380, 381, 384, 386, 388, 390, 392, 397, 398, 399, 401, 402, 403, 405, 409, 410, 411, 412, 421, 423, 424, 425, 437, 446, 448, 456, 460, 470, 472, 473, 477, 480, 482, 485, 488, 489, 490, 501, 505, 506, 507, 509, 511, 512, 515, 516, 517, 518, 522, 524, 525, 528, 530, 532, 534, 537, 538, 539, 543, 549, 555, 556, 558, 561, 563, 568, 570, 571, 573, 574, 575, 577, 579, 580, 581, 588, 589, 590, 593, 595, 596, 598, 601, 602, 603, 605, 609, 614, 619, 621, 625, 627, 632, 633, 634, 636, 637, 639, 645, 646, 651, 656, 657, 658, 659, 662, 670, 672, 680, 683, 684, 686, 690, 693, 694, 695, 696, 698, 699, 702, 705, 707, 708, 710, 718, 722, 726, 728, 733, 741, 744, 745, 748, 752, 765, 771, 772, 775, 776, 781, 783, 784, 785, 786, 791, 792, 801, 804, 805, 809, 810, 812, 813, 819, 820, 824, 828, 830, 832, 835, 840, 850, 856, 859, 860, 865, 867, 869, 870, 871, 875, 877, 878, 886, 890, 891, 892, 893, 894, 897, 902, 903, 904, 906, 907, 918, 919, 920, 921, 923, 925, 926, 933, 947, 951, 956, 960, 961, 964, 966, 970, 971, 979, 982, 983, 984, 985, 989, 992, 993, 995, 997, 1000, 1002, 1010, 1012, 1017, 1018, 1020, 1021, 1026, 1027, 1035, 1037, 1040, 1043, 1046, 1047, 1050, 1056, 1059, 1063, 1065, 1068, 1069, 1070, 1072, 1073, 1080, 1081, 1082, 1083, 1084, 1087, 1088, 1090, 1091, 1095, 1096, 1098, 1104, 1106, 1107, 1111, 1115, 1116, 1120, 1122, 1123, 1127, 1129, 1131, 1132, 1135, 1146, 1147, 1156, 1158, 1161, 1163, 1164, 1165, 1166, 1167, 1173, 1174, 1177, 1180, 1181, 1186, 1187, 1188, 1191, 1196, 1197, 1202, 1205, 1209, 1211, 1218, 1220, 1221, 1229, 1236, 1239, 1243, 1244, 1246, 1247, 1249, 1251, 1252, 1253, 1259, 1260, 1263, 1265, 1271, 1278, 1283, 1286, 1287, 1288, 1290, 1295, 1296, 1297, 1301, 1305, 1306, 1307, 1308, 1310, 1313, 1315, 1318, 1323, 1325, 1333, 1334, 1335, 1338, 1342, 1347, 1348, 1358, 1359, 1360, 1365, 1368, 1374, 1376, 1379, 1382, 1383, 1387, 1390, 1392, 1394, 1396, 1398, 1401, 1405, 1409, 1411, 1413, 1430, 1438, 1439, 1440, 1442, 1443
Selected features super simple PSO: 0, 2, 4, 5, 6, 7, 12, 17, 18, 21, 22, 23, 24, 25, 28, 30, 32, 33, 35, 37, 39, 41, 43, 48, 50, 53, 56, 58, 65, 66, 68, 73, 75, 76, 78, 79, 81, 83, 84, 86, 87, 88, 89, 91, 92, 98, 104, 105, 106, 107, 108, 110, 111, 112, 113, 115, 116, 118, 122, 123, 125, 128, 130, 132, 139, 143, 144, 147, 153, 156, 158, 160, 161, 162, 169, 172, 175, 177, 180, 183, 184, 185, 186, 187, 194, 196, 197, 198, 199, 208, 210, 211, 215, 217, 219, 220, 224, 225, 227, 228, 229, 233, 237, 239, 245, 246, 247, 248, 249, 251, 253, 254, 259, 260, 261, 262, 263, 264, 265, 269, 270, 271, 275, 280, 281, 286, 288, 289, 291, 292, 293, 298, 299, 303, 305, 307, 312, 314, 315, 318, 319, 320, 321, 325, 326, 329, 332, 338, 340, 342, 343, 344, 346, 352, 353, 354, 357, 359, 360, 366, 368, 369, 370, 371, 372, 373, 374, 379, 380, 382, 383, 384, 385, 386, 387, 392, 393, 395, 397, 398, 399, 401, 405, 407, 409, 410, 411, 413, 415, 418, 422, 424, 425, 429, 431, 434, 435, 436, 437, 438, 440, 441, 445, 447, 448, 450, 451, 453, 455, 456, 458, 461, 462, 472, 476, 480, 482, 484, 488, 493, 494, 498, 499, 502, 509, 512, 513, 514, 520, 522, 524, 529, 534, 535, 536, 538, 539, 541, 542, 543, 544, 546, 552, 553, 554, 559, 562, 571, 573, 575, 579, 581, 582, 589, 591, 593, 597, 599, 600, 604, 608, 609, 610, 611, 612, 615, 617, 618, 621, 625, 626, 627, 630, 631, 636, 640, 645, 649, 651, 658, 659, 663, 664, 665, 666, 667, 670, 671, 672, 677, 687, 689, 690, 691, 696, 698, 707, 714, 715, 719, 720, 721, 724, 727, 734, 735, 737, 738, 739, 743, 745, 749, 752, 757, 758, 763, 764, 767, 768, 771, 776, 777, 778, 780, 787, 788, 789, 792, 794, 795, 797, 798, 799, 800, 801, 802, 803, 804, 806, 809, 812, 814, 815, 816, 817, 820, 827, 828, 829, 840, 843, 844, 845, 848, 849, 850, 852, 855, 857, 858, 862, 863, 865, 868, 871, 873, 875, 878, 879, 883, 886, 888, 893, 896, 900, 901, 908, 909, 911, 912, 913, 914, 915, 916, 926, 927, 928, 929, 934, 935, 938, 939, 940, 941, 943, 945, 946, 949, 959, 962, 967, 969, 970, 971, 973, 976, 977, 980, 981, 984, 985, 987, 990, 991, 992, 998, 1000, 1002, 1007, 1009, 1011, 1020, 1023, 1025, 1027, 1030, 1034, 1035, 1042, 1043, 1044, 1045, 1046, 1047, 1048, 1051, 1052, 1055, 1063, 1066, 1068, 1069, 1070, 1072, 1075, 1077, 1078, 1083, 1086, 1088, 1090, 1092, 1094, 1096, 1097, 1099, 1101, 1102, 1103, 1104, 1107, 1109, 1111, 1112, 1114, 1118, 1119, 1120, 1122, 1123, 1125, 1128, 1129, 1131, 1133, 1136, 1142, 1143, 1147, 1148, 1155, 1156, 1160, 1161, 1162, 1164, 1165, 1166, 1167, 1170, 1171, 1172, 1175, 1179, 1183, 1187, 1188, 1193, 1194, 1198, 1202, 1205, 1207, 1209, 1210, 1211, 1219, 1220, 1222, 1223, 1224, 1225, 1226, 1228, 1230, 1232, 1233, 1238, 1241, 1255, 1258, 1259, 1260, 1262, 1268, 1269, 1270, 1273, 1274, 1275, 1278, 1279, 1281, 1283, 1284, 1287, 1293, 1304, 1305, 1306, 1308, 1309, 1310, 1311, 1312, 1314, 1318, 1319, 1322, 1323, 1324, 1325, 1326, 1328, 1330, 1331, 1334, 1335, 1336, 1342, 1346, 1347, 1350, 1353, 1355, 1356, 1358, 1360, 1363, 1364, 1365, 1369, 1370, 1371, 1372, 1373, 1374, 1375, 1378, 1381, 1382, 1383, 1385, 1386, 1387, 1390, 1396, 1409, 1411, 1412, 1413, 1414, 1420, 1426, 1427, 1430, 1435, 1439, 1443, 1444, 1445, 1446, 1447, 1448
--------------Fold 2----------------
Full feature f1 score micro: 0.6171
Fold selected standard PSO f1 score micro: 0.5912
Fold selected super simple PSO f1 score micro: 0.5000
Full feature f1 score macro: 0.2384
Fold selected standard PSO f1 score macro: 0.1850
Fold selected super simple PSO f1 score macro: 0.1730
Time of standard PSO: 59.7000
Time of super simple PSO: 33.4100
Selection standard PSO ratio: 0.41
Selection super simple PSO ratio: 0.39
Selected features standard PSO: 1, 3, 4, 5, 7, 10, 11, 12, 14, 15, 16, 17, 18, 21, 23, 24, 25, 27, 28, 29, 32, 38, 40, 41, 44, 47, 51, 53, 55, 57, 67, 68, 70, 71, 74, 75, 78, 83, 84, 85, 92, 93, 94, 99, 102, 103, 106, 107, 110, 118, 119, 121, 123, 126, 127, 131, 133, 134, 135, 138, 141, 143, 146, 150, 151, 155, 157, 159, 160, 162, 165, 168, 170, 171, 174, 179, 180, 181, 182, 184, 185, 187, 190, 192, 193, 194, 195, 198, 199, 203, 204, 205, 208, 210, 213, 216, 217, 219, 220, 221, 223, 225, 226, 227, 228, 230, 233, 235, 237, 239, 242, 249, 251, 254, 256, 259, 260, 262, 263, 265, 267, 268, 272, 274, 282, 284, 285, 287, 289, 291, 293, 294, 298, 300, 303, 304, 305, 306, 310, 311, 313, 315, 318, 319, 320, 321, 324, 325, 326, 329, 332, 336, 338, 339, 340, 342, 343, 345, 346, 347, 348, 349, 350, 352, 354, 356, 366, 368, 370, 373, 374, 376, 381, 386, 387, 389, 392, 394, 402, 403, 406, 407, 408, 411, 412, 419, 420, 421, 427, 428, 429, 437, 439, 446, 449, 452, 453, 456, 459, 461, 463, 466, 473, 475, 476, 486, 487, 489, 490, 492, 497, 499, 504, 512, 513, 518, 519, 522, 523, 525, 526, 527, 528, 530, 533, 535, 536, 538, 542, 546, 548, 552, 553, 555, 559, 563, 571, 572, 573, 574, 576, 580, 583, 585, 586, 588, 589, 591, 593, 595, 597, 598, 599, 603, 610, 612, 613, 614, 616, 617, 619, 622, 624, 629, 630, 632, 634, 637, 638, 641, 643, 649, 650, 651, 653, 655, 656, 660, 662, 663, 664, 666, 667, 670, 672, 676, 679, 681, 682, 684, 685, 687, 688, 689, 693, 695, 701, 704, 708, 711, 712, 713, 720, 722, 723, 726, 732, 734, 735, 738, 740, 741, 742, 743, 747, 750, 753, 757, 759, 761, 764, 769, 772, 774, 775, 777, 779, 786, 787, 791, 793, 796, 797, 798, 809, 810, 811, 812, 817, 819, 823, 825, 826, 827, 829, 832, 833, 834, 835, 836, 837, 845, 848, 851, 853, 856, 858, 861, 875, 883, 884, 885, 886, 895, 896, 897, 898, 902, 903, 908, 910, 911, 917, 918, 922, 923, 926, 927, 928, 931, 934, 936, 941, 943, 947, 948, 949, 953, 954, 957, 959, 964, 968, 969, 970, 973, 977, 980, 981, 982, 985, 988, 991, 993, 994, 995, 997, 999, 1006, 1007, 1009, 1015, 1016, 1017, 1020, 1026, 1027, 1029, 1031, 1032, 1033, 1034, 1039, 1044, 1046, 1047, 1049, 1051, 1053, 1055, 1059, 1064, 1065, 1066, 1067, 1070, 1073, 1076, 1080, 1082, 1087, 1088, 1089, 1091, 1092, 1094, 1099, 1108, 1110, 1111, 1115, 1116, 1121, 1122, 1124, 1126, 1136, 1142, 1144, 1149, 1152, 1154, 1156, 1157, 1158, 1163, 1164, 1166, 1168, 1170, 1172, 1174, 1175, 1177, 1178, 1179, 1182, 1184, 1185, 1187, 1190, 1193, 1195, 1197, 1198, 1200, 1202, 1208, 1210, 1217, 1218, 1219, 1225, 1226, 1230, 1231, 1233, 1236, 1237, 1240, 1243, 1244, 1249, 1250, 1254, 1255, 1256, 1259, 1261, 1266, 1270, 1271, 1272, 1273, 1275, 1276, 1277, 1281, 1283, 1284, 1285, 1287, 1291, 1292, 1293, 1294, 1297, 1298, 1299, 1300, 1302, 1303, 1304, 1306, 1310, 1314, 1315, 1316, 1318, 1320, 1324, 1326, 1327, 1328, 1329, 1330, 1331, 1334, 1336, 1337, 1338, 1340, 1342, 1343, 1346, 1347, 1350, 1351, 1354, 1358, 1359, 1360, 1364, 1365, 1367, 1370, 1371, 1372, 1373, 1374, 1378, 1379, 1382, 1383, 1386, 1389, 1393, 1400, 1402, 1404, 1406, 1407, 1411, 1415, 1416, 1420, 1431, 1432, 1434, 1438, 1441, 1443, 1444, 1445
Selected features super simple PSO: 1, 9, 14, 18, 21, 24, 26, 28, 31, 33, 34, 35, 37, 51, 52, 54, 55, 57, 59, 61, 63, 65, 66, 67, 68, 70, 72, 74, 84, 87, 88, 95, 98, 103, 104, 105, 107, 116, 118, 119, 124, 125, 126, 127, 128, 129, 132, 133, 134, 137, 139, 140, 142, 146, 148, 150, 157, 164, 168, 169, 172, 174, 176, 179, 181, 183, 184, 186, 187, 190, 192, 195, 197, 198, 199, 202, 207, 211, 214, 215, 216, 217, 218, 223, 228, 229, 235, 237, 245, 251, 253, 254, 255, 256, 258, 261, 266, 268, 269, 270, 272, 273, 274, 276, 282, 283, 293, 294, 295, 296, 299, 301, 303, 310, 311, 318, 319, 323, 332, 340, 342, 344, 347, 350, 351, 352, 354, 355, 357, 358, 362, 363, 369, 372, 374, 377, 379, 382, 383, 384, 386, 390, 392, 394, 399, 403, 405, 407, 414, 418, 419, 420, 421, 424, 433, 434, 437, 438, 443, 450, 452, 457, 460, 462, 467, 476, 477, 478, 481, 482, 483, 484, 487, 490, 503, 505, 506, 512, 514, 517, 520, 523, 525, 526, 530, 531, 534, 540, 543, 544, 546, 547, 549, 552, 553, 557, 558, 562, 564, 573, 576, 577, 579, 583, 584, 588, 591, 592, 594, 596, 600, 604, 605, 607, 609, 610, 611, 613, 615, 621, 622, 623, 624, 625, 627, 629, 630, 632, 633, 634, 636, 638, 644, 646, 651, 654, 658, 660, 665, 666, 670, 674, 676, 677, 681, 685, 686, 690, 692, 694, 695, 697, 698, 699, 700, 701, 702, 706, 708, 712, 714, 716, 718, 720, 722, 723, 724, 725, 726, 727, 729, 731, 735, 742, 743, 744, 745, 746, 747, 749, 750, 754, 755, 761, 771, 773, 774, 776, 777, 779, 780, 784, 787, 788, 792, 795, 797, 800, 806, 810, 812, 813, 814, 816, 819, 821, 825, 827, 831, 832, 835, 836, 837, 849, 850, 851, 852, 856, 866, 868, 869, 870, 873, 874, 875, 876, 877, 880, 884, 887, 888, 889, 891, 897, 904, 905, 906, 909, 913, 915, 916, 918, 923, 927, 929, 930, 931, 933, 934, 935, 938, 939, 943, 944, 946, 948, 951, 952, 953, 954, 958, 959, 960, 961, 965, 967, 975, 976, 978, 979, 980, 983, 984, 985, 986, 987, 988, 989, 995, 997, 998, 1000, 1001, 1004, 1006, 1007, 1010, 1015, 1019, 1020, 1022, 1027, 1030, 1032, 1033, 1034, 1036, 1038, 1044, 1047, 1052, 1055, 1058, 1060, 1061, 1062, 1065, 1067, 1072, 1073, 1076, 1080, 1081, 1082, 1089, 1090, 1092, 1093, 1094, 1095, 1096, 1097, 1101, 1103, 1104, 1106, 1108, 1111, 1112, 1115, 1120, 1121, 1125, 1127, 1129, 1130, 1131, 1133, 1139, 1140, 1144, 1145, 1146, 1148, 1154, 1155, 1156, 1157, 1158, 1159, 1162, 1164, 1167, 1170, 1177, 1180, 1186, 1189, 1191, 1198, 1199, 1202, 1209, 1210, 1211, 1213, 1215, 1218, 1219, 1220, 1221, 1222, 1223, 1224, 1226, 1227, 1229, 1231, 1235, 1237, 1238, 1239, 1240, 1244, 1245, 1246, 1247, 1251, 1252, 1253, 1260, 1265, 1266, 1267, 1268, 1271, 1274, 1275, 1276, 1278, 1279, 1280, 1281, 1283, 1286, 1287, 1289, 1291, 1293, 1299, 1304, 1307, 1314, 1315, 1318, 1319, 1321, 1323, 1326, 1327, 1328, 1330, 1334, 1335, 1337, 1338, 1342, 1343, 1345, 1346, 1349, 1350, 1351, 1353, 1354, 1356, 1360, 1361, 1364, 1365, 1367, 1368, 1372, 1376, 1378, 1379, 1382, 1386, 1392, 1397, 1399, 1402, 1405, 1406, 1407, 1414, 1419, 1421, 1424, 1425, 1428, 1429, 1432, 1438, 1441, 1442, 1445, 1447, 1448
--------------Fold 3----------------
Full feature f1 score micro: 0.6772
Fold selected standard PSO f1 score micro: 0.5915
Fold selected super simple PSO f1 score micro: 0.5427
Full feature f1 score macro: 0.2563
Fold selected standard PSO f1 score macro: 0.1653
Fold selected super simple PSO f1 score macro: 0.1482
Time of standard PSO: 59.3400
Time of super simple PSO: 32.0300
Selection standard PSO ratio: 0.39
Selection super simple PSO ratio: 0.38
Selected features standard PSO: 1, 4, 6, 7, 8, 10, 11, 12, 14, 15, 17, 20, 26, 29, 33, 35, 42, 48, 51, 55, 58, 60, 67, 70, 71, 75, 77, 78, 79, 86, 87, 90, 92, 93, 94, 100, 101, 102, 110, 112, 115, 116, 117, 118, 119, 120, 126, 132, 133, 134, 135, 137, 141, 142, 143, 146, 148, 151, 152, 153, 157, 158, 163, 166, 176, 177, 179, 180, 181, 182, 184, 186, 188, 191, 192, 193, 194, 195, 203, 208, 211, 212, 215, 216, 224, 225, 226, 227, 232, 236, 237, 239, 243, 248, 250, 251, 254, 259, 260, 262, 263, 264, 265, 267, 268, 269, 272, 273, 276, 277, 280, 281, 284, 286, 287, 290, 291, 293, 296, 297, 304, 315, 317, 319, 321, 322, 324, 325, 328, 331, 332, 334, 337, 339, 341, 344, 345, 346, 347, 350, 352, 353, 357, 362, 363, 366, 367, 368, 371, 376, 378, 379, 380, 386, 387, 388, 389, 390, 392, 399, 400, 403, 404, 407, 408, 409, 410, 412, 414, 418, 419, 420, 421, 422, 425, 426, 428, 429, 433, 436, 437, 438, 440, 442, 447, 448, 451, 454, 455, 456, 459, 460, 463, 470, 472, 473, 479, 481, 482, 485, 487, 491, 492, 496, 497, 499, 504, 508, 511, 513, 515, 516, 525, 526, 527, 528, 529, 531, 535, 538, 541, 543, 547, 548, 550, 551, 555, 556, 557, 559, 561, 563, 566, 569, 571, 572, 573, 574, 575, 579, 580, 582, 584, 585, 587, 588, 594, 598, 601, 602, 603, 604, 606, 608, 611, 612, 615, 623, 625, 630, 634, 635, 638, 642, 648, 653, 656, 664, 665, 666, 667, 670, 671, 672, 673, 676, 680, 681, 682, 696, 697, 699, 700, 702, 706, 709, 714, 718, 721, 726, 727, 728, 731, 733, 736, 737, 745, 746, 749, 750, 759, 761, 762, 763, 764, 765, 766, 767, 768, 773, 775, 776, 778, 780, 783, 784, 791, 795, 798, 800, 803, 804, 806, 807, 808, 809, 811, 812, 814, 816, 817, 818, 819, 825, 826, 828, 829, 835, 836, 840, 843, 844, 846, 849, 850, 852, 853, 854, 859, 863, 864, 865, 866, 867, 871, 873, 875, 876, 880, 882, 883, 886, 889, 890, 893, 894, 896, 899, 900, 904, 905, 906, 907, 917, 920, 929, 930, 931, 933, 935, 936, 941, 945, 947, 953, 955, 963, 965, 970, 971, 972, 973, 980, 981, 987, 990, 991, 992, 993, 994, 997, 1000, 1005, 1006, 1010, 1013, 1016, 1018, 1020, 1021, 1023, 1024, 1025, 1026, 1033, 1038, 1040, 1045, 1046, 1048, 1051, 1053, 1054, 1055, 1057, 1060, 1065, 1066, 1072, 1075, 1078, 1080, 1082, 1087, 1091, 1092, 1096, 1100, 1109, 1117, 1119, 1120, 1121, 1122, 1123, 1124, 1125, 1126, 1128, 1133, 1137, 1145, 1151, 1152, 1153, 1155, 1159, 1161, 1167, 1171, 1174, 1175, 1176, 1178, 1180, 1181, 1185, 1192, 1194, 1196, 1200, 1202, 1203, 1208, 1211, 1214, 1217, 1218, 1220, 1221, 1223, 1224, 1225, 1228, 1230, 1232, 1237, 1238, 1242, 1244, 1246, 1251, 1254, 1258, 1259, 1260, 1266, 1270, 1272, 1274, 1275, 1284, 1285, 1286, 1289, 1291, 1292, 1293, 1294, 1295, 1296, 1297, 1299, 1300, 1301, 1302, 1303, 1304, 1306, 1308, 1310, 1315, 1317, 1319, 1320, 1324, 1325, 1327, 1328, 1329, 1331, 1334, 1336, 1337, 1338, 1342, 1344, 1345, 1346, 1349, 1352, 1358, 1360, 1363, 1364, 1368, 1369, 1377, 1380, 1381, 1383, 1385, 1387, 1394, 1395, 1402, 1404, 1406, 1408, 1415, 1417, 1419, 1421, 1425, 1429, 1430, 1432, 1435, 1437, 1441, 1444
Selected features super simple PSO: 0, 2, 3, 8, 12, 14, 16, 21, 22, 31, 35, 39, 41, 43, 44, 45, 48, 51, 54, 55, 56, 65, 66, 73, 75, 78, 79, 82, 84, 85, 88, 92, 94, 96, 99, 100, 101, 103, 105, 106, 107, 109, 110, 113, 114, 117, 118, 122, 124, 126, 132, 133, 135, 142, 144, 145, 147, 149, 151, 152, 153, 156, 157, 159, 160, 163, 166, 167, 169, 170, 171, 172, 173, 175, 178, 185, 191, 196, 202, 203, 204, 209, 211, 212, 215, 216, 217, 218, 219, 220, 221, 223, 228, 232, 233, 240, 242, 244, 245, 250, 253, 257, 260, 261, 262, 266, 270, 271, 273, 276, 277, 279, 286, 288, 293, 297, 298, 299, 300, 306, 312, 314, 317, 318, 319, 324, 329, 331, 333, 335, 337, 338, 339, 341, 347, 349, 351, 353, 354, 355, 362, 366, 368, 372, 376, 378, 379, 382, 385, 386, 387, 390, 392, 394, 396, 397, 398, 399, 402, 407, 408, 412, 413, 415, 418, 425, 428, 430, 437, 438, 439, 440, 441, 442, 444, 445, 446, 447, 449, 454, 461, 465, 473, 475, 477, 479, 481, 490, 494, 496, 499, 501, 502, 503, 504, 512, 514, 519, 527, 528, 531, 532, 534, 537, 539, 540, 544, 546, 548, 550, 551, 553, 557, 558, 563, 564, 566, 567, 568, 569, 570, 572, 574, 575, 577, 582, 586, 588, 589, 593, 594, 596, 600, 602, 606, 608, 611, 612, 615, 624, 628, 630, 631, 633, 635, 637, 639, 641, 642, 644, 645, 646, 650, 662, 664, 666, 670, 671, 675, 676, 681, 684, 686, 691, 695, 696, 697, 698, 699, 700, 702, 703, 704, 705, 706, 707, 708, 710, 711, 718, 721, 727, 728, 730, 732, 737, 739, 743, 745, 750, 751, 752, 755, 756, 759, 768, 769, 770, 771, 775, 778, 780, 781, 786, 788, 789, 790, 793, 795, 809, 813, 818, 819, 822, 826, 827, 828, 829, 835, 839, 840, 841, 845, 846, 849, 851, 854, 858, 860, 861, 862, 863, 866, 869, 873, 880, 885, 888, 889, 899, 901, 902, 903, 905, 908, 912, 915, 919, 920, 928, 929, 939, 940, 944, 946, 947, 953, 954, 958, 960, 961, 964, 965, 966, 968, 969, 970, 972, 975, 977, 979, 981, 984, 985, 986, 992, 994, 996, 997, 1002, 1009, 1012, 1015, 1021, 1029, 1030, 1035, 1037, 1039, 1042, 1043, 1044, 1046, 1053, 1056, 1062, 1070, 1072, 1073, 1075, 1076, 1079, 1082, 1085, 1086, 1088, 1091, 1092, 1093, 1099, 1100, 1102, 1104, 1105, 1113, 1115, 1116, 1117, 1120, 1123, 1126, 1129, 1130, 1131, 1139, 1142, 1148, 1152, 1155, 1156, 1159, 1160, 1161, 1163, 1164, 1165, 1167, 1168, 1171, 1172, 1173, 1176, 1183, 1187, 1192, 1193, 1195, 1198, 1200, 1203, 1205, 1212, 1215, 1217, 1219, 1222, 1223, 1224, 1226, 1229, 1230, 1231, 1233, 1234, 1235, 1238, 1239, 1240, 1241, 1243, 1248, 1251, 1252, 1254, 1257, 1258, 1261, 1262, 1266, 1270, 1276, 1277, 1280, 1284, 1286, 1287, 1288, 1289, 1293, 1295, 1297, 1303, 1306, 1309, 1311, 1312, 1314, 1319, 1322, 1323, 1324, 1325, 1327, 1328, 1331, 1341, 1343, 1348, 1352, 1353, 1357, 1358, 1360, 1364, 1365, 1367, 1369, 1370, 1371, 1373, 1378, 1381, 1382, 1384, 1388, 1390, 1392, 1395, 1397, 1398, 1401, 1406, 1407, 1409, 1413, 1415, 1417, 1418, 1424, 1426, 1431, 1433, 1434, 1438, 1441, 1442, 1443, 1444, 1448
--------------Average----------------
Ave Full Accuracy micro: 0.6539
Ave Standard PSO Selection Accuracy micro: 0.6084
Ave Super simple PSO Selection Accuracy  micro: 0.5713
Ave Full Accuracy macro: 0.2571
Ave Standard PSO Selection Accuracy macro: 0.1934
Ave Super simple PSO Selection Accuracy macro: 0.1822
Ave time of Standard PSO: 58.6067
Ave time of Super simple PSO: 32.3167
Ave Standard PSO Feature Ratio: 0.38
Ave Super simple PSO Feature Ratio: 0.40
