--------------Fold 1----------------
Full feature f1 score micro: 0.8146
Fold selected standard PSO f1 score micro: 0.7096
Fold selected super simple PSO f1 score micro: 0.2918
Full feature f1 score macro: 0.7631
Fold selected standard PSO f1 score macro: 0.4621
Fold selected super simple PSO f1 score macro: 0.2864
Time of standard PSO: 23.7800
Time of super simple PSO: 13.6300
Selection standard PSO ratio: 0.35
Selection super simple PSO ratio: 0.40
Selected features standard PSO: 1, 2, 3, 4, 7, 8, 11, 12, 15, 23, 24, 25, 31, 32, 33, 36, 39, 41, 46, 48, 52, 59, 60, 63, 64, 71, 74, 75, 79, 82, 83, 87, 90, 95, 96, 97, 99, 107, 108, 111, 114, 117, 119, 120, 121, 125, 127, 129, 132, 135, 138, 139, 140, 148, 151, 153, 156, 159, 161, 164, 165, 166, 169, 179, 184, 186, 189, 191, 194, 196, 198, 201, 202, 203, 206, 211, 215, 218, 220, 221, 222, 224, 225, 235, 236, 242, 249, 251, 252, 260, 261, 265, 267, 270, 272, 276, 277, 280, 284, 286, 291, 292, 294, 295, 296, 301, 303, 306, 308, 309, 318, 329, 331, 332, 334, 336, 345, 346, 347, 348, 349, 351, 354, 355, 356, 362, 368, 370, 373, 375, 376, 378, 379, 380, 383, 385, 387, 394, 401, 405, 414, 416, 419, 420, 422, 423, 425, 426, 429, 431, 432, 436, 439, 441, 443, 447, 450, 451, 458, 459, 460, 468, 473, 478, 483, 485, 487, 488, 489, 490, 493, 494, 497, 500, 502, 508, 510, 511, 513, 517, 523, 526, 528, 531, 533, 536, 538, 548, 549, 550, 552, 555, 557, 559, 561, 563, 566, 572, 574, 575, 576, 578, 580, 583, 584, 586, 587, 589, 591, 593, 595, 605, 610, 611, 613, 614, 616, 618, 619, 622, 623, 625, 628, 629, 635, 636, 637, 639, 640, 643, 646, 649, 650, 658, 663, 665, 666, 670, 672, 677, 678, 679, 680, 682, 684, 685, 686, 694, 695, 698, 701, 704, 706, 717, 731, 733, 734, 739, 740, 741, 745, 746, 747, 751, 752, 753, 760, 763, 767, 768, 771, 776, 777, 780, 785, 789, 795, 796, 799, 800, 803, 805, 808, 810, 811, 815, 816, 818, 824, 830, 832, 835, 840, 844, 849, 853, 856, 857, 862, 865, 869, 870, 872, 874, 876, 879, 884, 885, 892, 897, 898, 899, 902, 904, 905, 906, 907, 913, 916, 917, 922, 929, 930, 933, 935, 936, 938, 941, 946, 947, 949, 951, 956, 957, 959, 961, 963, 967, 970, 973, 983, 986, 988, 989, 991, 995, 996, 999, 1007, 1009, 1011, 1012, 1015, 1016, 1028, 1029, 1030, 1031, 1033, 1035, 1036, 1040, 1041, 1045, 1047, 1048, 1050, 1052, 1057, 1058, 1060, 1063, 1067, 1068, 1070, 1076, 1079, 1084, 1085, 1086, 1090, 1093, 1096, 1098, 1102, 1103, 1105, 1107, 1108, 1111, 1112, 1113, 1114, 1116, 1119, 1121, 1122, 1124, 1128, 1129, 1131, 1132, 1134, 1136, 1142, 1148, 1149, 1156, 1158, 1169, 1171, 1172, 1177, 1182, 1183, 1184
Selected features super simple PSO: 4, 5, 9, 13, 15, 16, 22, 24, 26, 29, 34, 35, 36, 37, 42, 44, 45, 46, 47, 48, 50, 58, 59, 60, 62, 63, 64, 65, 67, 70, 71, 74, 76, 80, 85, 86, 87, 89, 91, 92, 94, 97, 104, 105, 106, 107, 108, 111, 112, 115, 116, 117, 118, 120, 121, 123, 127, 131, 132, 133, 136, 141, 142, 146, 147, 148, 153, 155, 157, 158, 160, 163, 169, 170, 173, 174, 175, 176, 177, 178, 179, 180, 182, 183, 185, 186, 194, 195, 197, 200, 203, 206, 207, 209, 210, 211, 216, 219, 224, 227, 228, 229, 233, 236, 237, 238, 239, 242, 243, 244, 245, 246, 250, 251, 252, 260, 266, 271, 274, 277, 285, 289, 291, 293, 298, 300, 301, 305, 307, 310, 312, 317, 318, 321, 328, 332, 333, 336, 338, 340, 341, 342, 343, 349, 351, 357, 358, 360, 362, 364, 365, 367, 369, 372, 375, 385, 386, 387, 388, 393, 394, 395, 396, 397, 400, 401, 405, 409, 411, 414, 415, 416, 418, 420, 421, 426, 429, 431, 433, 441, 443, 446, 447, 451, 452, 454, 455, 460, 462, 465, 467, 468, 476, 477, 479, 481, 485, 486, 488, 490, 491, 492, 493, 497, 498, 500, 503, 504, 505, 519, 521, 522, 524, 526, 532, 533, 535, 536, 537, 541, 542, 545, 550, 551, 552, 553, 554, 557, 558, 561, 568, 575, 579, 583, 586, 588, 589, 593, 594, 595, 602, 610, 612, 613, 615, 617, 618, 619, 623, 624, 627, 635, 636, 643, 645, 649, 650, 653, 654, 656, 660, 661, 664, 667, 672, 673, 674, 681, 684, 686, 687, 689, 692, 695, 697, 702, 704, 705, 713, 716, 718, 720, 721, 722, 724, 726, 727, 728, 729, 730, 731, 732, 737, 738, 744, 747, 748, 749, 750, 752, 757, 758, 760, 765, 768, 770, 772, 774, 781, 785, 787, 788, 789, 790, 791, 795, 796, 802, 803, 804, 809, 810, 811, 814, 817, 818, 822, 826, 827, 835, 840, 845, 850, 852, 855, 858, 859, 862, 863, 868, 870, 872, 873, 876, 881, 883, 885, 888, 889, 891, 894, 896, 904, 905, 906, 907, 911, 912, 913, 916, 917, 918, 921, 922, 923, 924, 927, 930, 931, 935, 937, 938, 940, 941, 947, 948, 953, 956, 957, 962, 963, 964, 965, 966, 969, 971, 973, 976, 978, 979, 980, 981, 983, 984, 985, 991, 993, 1000, 1002, 1006, 1007, 1008, 1016, 1017, 1019, 1021, 1022, 1023, 1024, 1025, 1027, 1030, 1032, 1033, 1034, 1035, 1036, 1039, 1044, 1046, 1052, 1053, 1055, 1056, 1062, 1063, 1064, 1065, 1066, 1067, 1070, 1074, 1075, 1079, 1082, 1093, 1098, 1099, 1103, 1108, 1109, 1113, 1114, 1117, 1122, 1123, 1124, 1125, 1127, 1131, 1135, 1136, 1138, 1139, 1146, 1150, 1153, 1156, 1161, 1163, 1166, 1167, 1168, 1169, 1173, 1176, 1177, 1181, 1183
--------------Fold 2----------------
Full feature f1 score micro: 0.6165
Fold selected standard PSO f1 score micro: 0.6071
Fold selected super simple PSO f1 score micro: 0.6771
Full feature f1 score macro: 0.5355
Fold selected standard PSO f1 score macro: 0.4966
Fold selected super simple PSO f1 score macro: 0.3680
Time of standard PSO: 23.4200
Time of super simple PSO: 13.0300
Selection standard PSO ratio: 0.41
Selection super simple PSO ratio: 0.37
Selected features standard PSO: 0, 2, 5, 10, 12, 14, 19, 20, 21, 22, 28, 29, 33, 34, 36, 39, 40, 41, 45, 47, 53, 55, 56, 61, 63, 64, 66, 69, 74, 81, 82, 84, 86, 87, 89, 91, 96, 98, 99, 101, 102, 109, 110, 111, 112, 115, 116, 119, 121, 124, 129, 133, 137, 138, 141, 143, 145, 153, 154, 160, 165, 166, 173, 174, 175, 177, 180, 182, 184, 185, 186, 189, 192, 196, 198, 201, 206, 207, 208, 209, 213, 215, 218, 219, 220, 223, 224, 226, 227, 229, 232, 233, 234, 235, 238, 243, 244, 245, 249, 256, 259, 261, 263, 265, 270, 272, 277, 278, 279, 287, 288, 289, 290, 295, 296, 299, 302, 305, 307, 308, 309, 310, 313, 314, 319, 322, 324, 329, 337, 341, 346, 347, 349, 350, 352, 355, 356, 357, 358, 359, 361, 362, 365, 367, 368, 371, 373, 375, 376, 377, 378, 379, 380, 382, 383, 384, 386, 391, 392, 394, 400, 411, 414, 416, 418, 421, 424, 426, 431, 432, 433, 434, 435, 436, 438, 440, 441, 442, 446, 447, 451, 453, 461, 462, 464, 470, 471, 484, 488, 489, 491, 492, 493, 495, 496, 498, 499, 500, 501, 503, 504, 506, 507, 508, 509, 510, 513, 515, 517, 520, 523, 524, 533, 535, 536, 537, 538, 539, 543, 544, 546, 547, 548, 549, 551, 553, 555, 558, 559, 564, 565, 568, 569, 571, 574, 582, 583, 585, 588, 589, 591, 592, 593, 594, 597, 598, 601, 602, 603, 606, 608, 610, 614, 615, 616, 619, 623, 631, 634, 637, 638, 640, 645, 649, 655, 659, 660, 663, 664, 665, 667, 672, 673, 677, 678, 681, 690, 691, 694, 698, 700, 701, 703, 704, 706, 711, 714, 716, 717, 719, 722, 723, 726, 727, 728, 732, 733, 734, 736, 737, 741, 742, 745, 748, 749, 753, 756, 757, 759, 761, 762, 768, 772, 774, 778, 781, 784, 785, 786, 787, 790, 793, 794, 795, 796, 797, 801, 804, 806, 808, 810, 811, 814, 815, 816, 820, 821, 822, 823, 825, 828, 830, 833, 834, 835, 836, 837, 839, 840, 843, 844, 852, 857, 858, 860, 863, 864, 868, 869, 871, 872, 875, 878, 881, 885, 888, 889, 891, 896, 898, 903, 904, 906, 910, 914, 915, 916, 918, 919, 921, 922, 923, 927, 931, 933, 937, 940, 942, 944, 948, 951, 953, 959, 961, 966, 967, 968, 969, 975, 976, 977, 980, 981, 984, 988, 990, 992, 993, 994, 1005, 1008, 1010, 1011, 1012, 1015, 1019, 1025, 1026, 1027, 1029, 1033, 1034, 1038, 1041, 1042, 1043, 1046, 1047, 1052, 1054, 1055, 1056, 1057, 1059, 1061, 1063, 1065, 1066, 1067, 1069, 1070, 1071, 1072, 1077, 1080, 1081, 1083, 1084, 1085, 1087, 1088, 1090, 1092, 1094, 1102, 1103, 1105, 1106, 1110, 1111, 1114, 1115, 1126, 1130, 1133, 1134, 1136, 1137, 1142, 1143, 1144, 1145, 1149, 1150, 1151, 1152, 1153, 1154, 1155, 1156, 1160, 1161, 1165, 1166, 1168, 1171, 1172, 1175, 1180, 1182, 1185
Selected features super simple PSO: 5, 6, 11, 18, 20, 22, 23, 24, 26, 30, 32, 40, 50, 60, 61, 62, 63, 64, 65, 67, 70, 75, 76, 77, 78, 80, 81, 84, 85, 90, 93, 94, 95, 100, 101, 102, 112, 114, 121, 126, 127, 132, 133, 137, 138, 139, 140, 144, 145, 147, 151, 153, 154, 155, 156, 158, 159, 163, 164, 165, 167, 172, 175, 177, 180, 182, 184, 187, 190, 191, 194, 196, 206, 207, 208, 210, 213, 214, 218, 220, 226, 227, 233, 237, 238, 242, 244, 245, 250, 251, 262, 263, 269, 271, 273, 274, 280, 281, 283, 285, 287, 288, 290, 291, 293, 295, 296, 297, 299, 303, 305, 309, 310, 311, 312, 313, 314, 318, 325, 330, 331, 333, 335, 339, 340, 341, 342, 343, 347, 350, 352, 353, 356, 360, 362, 365, 367, 369, 372, 376, 382, 383, 384, 393, 394, 396, 397, 400, 401, 409, 411, 413, 414, 415, 416, 421, 423, 425, 429, 434, 436, 437, 441, 444, 446, 448, 449, 451, 454, 455, 457, 459, 460, 463, 471, 474, 478, 480, 482, 484, 487, 488, 491, 492, 495, 498, 503, 508, 511, 512, 514, 515, 516, 519, 521, 524, 530, 533, 535, 541, 543, 547, 548, 549, 553, 556, 559, 560, 561, 563, 564, 569, 572, 575, 576, 577, 582, 583, 589, 598, 600, 601, 602, 603, 604, 612, 616, 620, 622, 623, 626, 628, 630, 631, 632, 635, 638, 641, 643, 649, 650, 651, 662, 665, 666, 672, 674, 676, 678, 683, 685, 688, 691, 692, 693, 696, 700, 704, 705, 707, 709, 710, 717, 720, 722, 724, 726, 728, 730, 732, 734, 735, 739, 740, 742, 746, 750, 752, 754, 757, 758, 763, 765, 766, 768, 770, 771, 773, 775, 776, 778, 779, 780, 783, 787, 788, 790, 791, 796, 799, 800, 803, 804, 806, 807, 809, 811, 817, 822, 825, 826, 827, 828, 830, 832, 833, 839, 846, 850, 851, 852, 853, 856, 857, 860, 866, 867, 868, 871, 873, 874, 876, 880, 884, 885, 886, 887, 891, 895, 896, 901, 904, 906, 907, 910, 911, 916, 917, 921, 923, 930, 937, 939, 940, 941, 943, 947, 948, 949, 950, 955, 962, 972, 973, 974, 979, 981, 983, 985, 986, 990, 994, 997, 1001, 1015, 1018, 1021, 1022, 1023, 1027, 1030, 1031, 1034, 1037, 1041, 1044, 1045, 1048, 1051, 1053, 1056, 1057, 1059, 1061, 1066, 1067, 1068, 1072, 1074, 1075, 1076, 1077, 1081, 1084, 1087, 1088, 1096, 1097, 1100, 1105, 1110, 1113, 1115, 1116, 1119, 1123, 1124, 1131, 1132, 1133, 1136, 1137, 1140, 1142, 1143, 1144, 1151, 1153, 1154, 1156, 1160, 1162, 1168, 1171, 1174, 1175, 1180, 1182, 1183, 1184
--------------Fold 3----------------
Full feature f1 score micro: 0.5725
Fold selected standard PSO f1 score micro: 0.4893
Fold selected super simple PSO f1 score micro: 0.6810
Full feature f1 score macro: 0.5407
Fold selected standard PSO f1 score macro: 0.5005
Fold selected super simple PSO f1 score macro: 0.5574
Time of standard PSO: 23.2900
Time of super simple PSO: 12.5700
Selection standard PSO ratio: 0.45
Selection super simple PSO ratio: 0.41
Selected features standard PSO: 0, 4, 5, 6, 7, 9, 10, 11, 12, 13, 15, 16, 17, 18, 19, 20, 22, 23, 24, 27, 32, 33, 34, 36, 37, 39, 40, 41, 42, 44, 45, 48, 51, 52, 59, 60, 61, 62, 64, 66, 67, 76, 78, 79, 84, 85, 86, 89, 94, 95, 97, 104, 108, 113, 114, 115, 120, 121, 122, 125, 126, 127, 133, 141, 142, 143, 147, 148, 151, 153, 154, 157, 161, 163, 164, 165, 166, 171, 172, 174, 175, 177, 181, 192, 193, 194, 199, 202, 206, 212, 214, 216, 218, 219, 220, 221, 226, 228, 229, 230, 233, 236, 237, 239, 242, 244, 246, 247, 250, 252, 253, 258, 260, 261, 262, 265, 267, 268, 274, 275, 279, 281, 283, 285, 286, 287, 289, 290, 292, 295, 297, 298, 300, 302, 303, 304, 305, 307, 309, 311, 313, 314, 315, 318, 321, 323, 327, 331, 339, 342, 343, 345, 346, 349, 352, 355, 356, 357, 358, 359, 366, 372, 373, 376, 377, 378, 380, 382, 383, 385, 388, 389, 390, 391, 393, 395, 396, 398, 399, 400, 405, 407, 409, 412, 415, 416, 418, 421, 426, 427, 428, 429, 430, 431, 432, 433, 434, 436, 437, 438, 439, 440, 444, 445, 450, 452, 454, 459, 460, 461, 462, 463, 471, 474, 476, 477, 488, 489, 490, 493, 494, 499, 501, 503, 504, 509, 510, 512, 513, 514, 515, 517, 519, 522, 523, 524, 526, 529, 531, 533, 534, 535, 537, 540, 544, 545, 546, 547, 548, 549, 551, 552, 556, 558, 559, 561, 562, 565, 566, 570, 571, 575, 576, 580, 581, 587, 588, 589, 593, 595, 596, 597, 598, 600, 603, 605, 606, 608, 611, 612, 615, 616, 618, 620, 622, 623, 628, 629, 630, 631, 633, 636, 639, 640, 642, 645, 646, 647, 648, 650, 651, 653, 654, 655, 657, 658, 659, 662, 665, 668, 671, 672, 674, 677, 680, 681, 683, 687, 690, 693, 694, 695, 697, 698, 699, 700, 703, 705, 706, 707, 711, 712, 713, 718, 719, 720, 722, 723, 724, 725, 726, 728, 729, 730, 731, 733, 734, 737, 741, 751, 752, 753, 760, 764, 765, 766, 773, 777, 778, 781, 785, 787, 788, 791, 794, 795, 799, 806, 808, 810, 813, 815, 817, 819, 820, 831, 836, 837, 838, 839, 844, 845, 847, 850, 851, 852, 855, 857, 860, 863, 865, 866, 867, 870, 880, 885, 888, 889, 890, 893, 894, 895, 896, 898, 903, 904, 905, 906, 908, 913, 914, 915, 916, 917, 918, 919, 920, 922, 924, 927, 928, 930, 932, 934, 936, 937, 942, 946, 949, 952, 953, 957, 958, 965, 966, 971, 982, 985, 986, 987, 991, 993, 996, 997, 1002, 1004, 1005, 1009, 1010, 1012, 1013, 1014, 1018, 1019, 1021, 1022, 1029, 1030, 1031, 1032, 1033, 1035, 1041, 1043, 1044, 1045, 1053, 1054, 1061, 1063, 1064, 1067, 1068, 1069, 1070, 1071, 1076, 1079, 1081, 1083, 1084, 1087, 1088, 1089, 1091, 1093, 1099, 1100, 1104, 1105, 1110, 1111, 1114, 1117, 1118, 1119, 1120, 1121, 1125, 1127, 1128, 1129, 1130, 1131, 1132, 1134, 1135, 1138, 1139, 1141, 1142, 1144, 1145, 1147, 1149, 1154, 1158, 1159, 1160, 1161, 1165, 1166, 1170, 1171, 1175, 1176, 1177, 1178, 1179, 1180
Selected features super simple PSO: 0, 2, 4, 6, 8, 15, 16, 17, 18, 19, 21, 23, 24, 26, 27, 29, 31, 34, 36, 40, 41, 44, 49, 51, 53, 57, 58, 59, 61, 62, 64, 65, 66, 69, 74, 77, 78, 79, 80, 81, 82, 83, 86, 89, 91, 94, 95, 97, 101, 103, 104, 106, 108, 109, 117, 118, 119, 120, 121, 124, 126, 128, 130, 135, 143, 149, 150, 153, 155, 159, 163, 165, 172, 175, 176, 178, 180, 185, 191, 192, 196, 197, 199, 201, 203, 204, 207, 208, 209, 210, 211, 212, 214, 220, 221, 222, 223, 224, 225, 226, 227, 230, 233, 235, 238, 239, 243, 244, 245, 251, 257, 258, 262, 263, 265, 267, 268, 270, 273, 275, 280, 288, 289, 290, 294, 295, 300, 301, 305, 315, 316, 318, 325, 329, 330, 335, 338, 340, 341, 344, 346, 349, 350, 351, 352, 356, 357, 361, 365, 368, 371, 375, 377, 379, 382, 384, 385, 386, 394, 398, 399, 400, 403, 405, 406, 408, 414, 415, 418, 426, 427, 428, 430, 432, 433, 435, 437, 443, 447, 449, 450, 451, 453, 458, 460, 465, 467, 470, 473, 475, 478, 479, 481, 483, 484, 485, 487, 488, 491, 494, 498, 499, 502, 508, 510, 514, 518, 519, 520, 521, 523, 527, 531, 532, 536, 538, 542, 543, 544, 545, 547, 549, 552, 558, 560, 561, 563, 565, 566, 567, 568, 570, 572, 573, 576, 578, 580, 582, 585, 586, 588, 589, 591, 592, 594, 600, 602, 603, 604, 608, 610, 612, 614, 615, 616, 618, 620, 624, 625, 627, 628, 635, 636, 638, 639, 640, 642, 647, 651, 654, 655, 657, 658, 662, 665, 666, 667, 671, 676, 679, 681, 684, 686, 687, 689, 692, 693, 696, 698, 699, 701, 702, 703, 704, 705, 708, 709, 711, 716, 719, 720, 726, 728, 729, 734, 735, 736, 737, 740, 741, 742, 745, 746, 748, 753, 758, 760, 765, 769, 770, 772, 774, 775, 777, 786, 788, 789, 794, 798, 802, 807, 809, 810, 811, 815, 816, 818, 819, 820, 822, 823, 824, 833, 835, 837, 841, 842, 845, 846, 848, 852, 854, 855, 856, 860, 862, 864, 867, 869, 870, 872, 873, 875, 876, 879, 883, 884, 885, 888, 889, 890, 896, 898, 899, 900, 903, 904, 906, 908, 909, 911, 913, 917, 923, 925, 926, 935, 936, 938, 939, 940, 943, 945, 946, 948, 949, 954, 956, 962, 963, 966, 969, 973, 974, 980, 983, 984, 987, 990, 991, 997, 1000, 1004, 1005, 1006, 1007, 1009, 1013, 1017, 1018, 1032, 1033, 1038, 1040, 1042, 1048, 1049, 1052, 1053, 1054, 1056, 1063, 1066, 1067, 1068, 1069, 1071, 1073, 1075, 1077, 1084, 1092, 1094, 1096, 1103, 1106, 1108, 1110, 1112, 1113, 1115, 1117, 1121, 1123, 1125, 1127, 1129, 1130, 1133, 1134, 1136, 1138, 1140, 1141, 1142, 1146, 1148, 1152, 1154, 1157, 1158, 1160, 1161, 1163, 1164, 1165, 1168, 1175, 1179, 1180, 1181, 1182, 1183, 1185
--------------Average----------------
Ave Full Accuracy micro: 0.6679
Ave Standard PSO Selection Accuracy micro: 0.6020
Ave Super simple PSO Selection Accuracy  micro: 0.5500
Ave Full Accuracy macro: 0.6131
Ave Standard PSO Selection Accuracy macro: 0.4864
Ave Super simple PSO Selection Accuracy macro: 0.4039
Ave time of Standard PSO: 23.4967
Ave time of Super simple PSO: 13.0767
Ave Standard PSO Feature Ratio: 0.40
Ave Super simple PSO Feature Ratio: 0.39
