--------------Fold 1----------------
Full feature f1 score micro: 0.5648
Fold selected standard PSO f1 score micro: 0.6812
Fold selected super simple PSO f1 score micro: 0.5986
Full feature f1 score macro: 0.2344
Fold selected standard PSO f1 score macro: 0.2696
Fold selected super simple PSO f1 score macro: 0.1733
Time of standard PSO: 101.9000
Time of super simple PSO: 31.7800
Selection standard PSO ratio: 0.40
Selection super simple PSO ratio: 0.30
Selected features standard PSO: 6, 7, 11, 13, 14, 17, 18, 20, 27, 30, 31, 33, 40, 41, 43, 44, 51, 53, 57, 60, 62, 63, 64, 65, 66, 69, 70, 72, 73, 74, 78, 79, 80, 81, 82, 90, 97, 100, 101, 106, 108, 111, 113, 114, 116, 117, 122, 123, 124, 128, 129, 130, 134, 135, 141, 143, 150, 151, 153, 154, 156, 157, 161, 162, 164, 166, 168, 169, 171, 173, 177, 190, 192, 197, 201, 204, 207, 208, 209, 211, 213, 216, 218, 219, 221, 223, 225, 227, 230, 236, 237, 241, 242, 245, 251, 252, 255, 257, 258, 259, 261, 266, 272, 275, 277, 278, 279, 280, 287, 289, 290, 293, 297, 300, 301, 304, 305, 306, 309, 313, 317, 321, 323, 324, 326, 334, 336, 337, 338, 341, 342, 346, 348, 349, 351, 352, 353, 357, 358, 362, 363, 365, 366, 367, 370, 374, 376, 377, 380, 381, 383, 385, 387, 392, 393, 396, 397, 401, 402, 406, 413, 414, 419, 420, 422, 423, 424, 425, 428, 430, 431, 435, 438, 440, 445, 451, 452, 454, 455, 458, 460, 462, 466, 468, 471, 473, 474, 475, 479, 481, 483, 484, 487, 489, 493, 495, 496, 501, 507, 509, 512, 515, 516, 517, 518, 527, 529, 530, 534, 539, 546, 549, 550, 552, 560, 563, 564, 565, 571, 573, 574, 577, 578, 584, 585, 594, 596, 598, 602, 603, 605, 606, 608, 612, 615, 616, 618, 619, 623, 625, 629, 632, 636, 637, 638, 641, 642, 645, 648, 656, 659, 660, 662, 663, 665, 667, 669, 670, 672, 673, 675, 676, 677, 682, 683, 684, 686, 687, 689, 695, 696, 699, 704, 705, 707, 708, 709, 711, 713, 716, 718, 719, 722, 724, 725, 726, 728, 729, 733, 734, 744, 745, 747, 752, 754, 755, 756, 758, 766, 771, 772, 774, 775, 776, 778, 779, 780, 783, 784, 787, 791, 794, 795, 796, 797, 798, 799, 802, 803, 805, 807, 808, 813, 814, 815, 821, 823, 824, 827, 831, 832, 836, 839, 841, 844, 846, 847, 848, 849, 852, 853, 854, 857, 858, 861, 866, 870, 871, 874, 875, 877, 880, 881, 884, 890, 895, 897, 900, 903, 905, 907, 912, 915, 916, 919, 922, 927, 931, 937, 943, 949, 955, 957, 960, 961, 963, 964, 965, 968, 970, 971, 977, 978, 980, 984, 985, 987, 993, 997, 999, 1001, 1002, 1005, 1008, 1009, 1014, 1015, 1016, 1018, 1019, 1021, 1024, 1029, 1030, 1031, 1032, 1034, 1038, 1040, 1041, 1044, 1048, 1053, 1055, 1056, 1058, 1059, 1060, 1061, 1065, 1066, 1067, 1068, 1071, 1075, 1076, 1077, 1079, 1085, 1089, 1090, 1092, 1093, 1094, 1095, 1104, 1107, 1108, 1109, 1110, 1111, 1114, 1117, 1118, 1122, 1123, 1128, 1129, 1131, 1134, 1136, 1140, 1142, 1144, 1150, 1152, 1156, 1158, 1161, 1166, 1168, 1171, 1172, 1174, 1175, 1176, 1177, 1179, 1182, 1184, 1190, 1191, 1193, 1195, 1196, 1197, 1198, 1201, 1202, 1204, 1208, 1212, 1215, 1225, 1226, 1227, 1230, 1234, 1235, 1237, 1238, 1239, 1241, 1247, 1252, 1253, 1255, 1260, 1261, 1263, 1264, 1265, 1266, 1267, 1269, 1270, 1274, 1276, 1277, 1280, 1281, 1284, 1286, 1291, 1293, 1294, 1305, 1306, 1308, 1309, 1310, 1311, 1314, 1317, 1318, 1320, 1321, 1322, 1326, 1330, 1331, 1332, 1333, 1339, 1340, 1343, 1356, 1357, 1366, 1367, 1368, 1369, 1370, 1372, 1373, 1375, 1376, 1380, 1384, 1391, 1395, 1398, 1401, 1405, 1406, 1409, 1412, 1415, 1416, 1417, 1420, 1421, 1423, 1425, 1427, 1431, 1433, 1435, 1436, 1438, 1441, 1442, 1446, 1447, 1448
Selected features super simple PSO: 1, 6, 7, 9, 23, 26, 30, 32, 33, 36, 39, 40, 44, 46, 55, 64, 67, 71, 74, 78, 83, 84, 87, 88, 89, 92, 97, 100, 113, 120, 122, 126, 130, 136, 137, 144, 147, 150, 151, 155, 156, 157, 160, 161, 167, 175, 176, 180, 190, 191, 200, 205, 206, 216, 217, 225, 226, 227, 229, 231, 235, 242, 243, 247, 249, 251, 253, 255, 257, 273, 278, 279, 281, 284, 286, 292, 294, 296, 298, 302, 306, 308, 312, 315, 319, 322, 325, 330, 334, 335, 337, 339, 340, 342, 347, 349, 358, 360, 362, 367, 371, 378, 382, 384, 390, 392, 396, 406, 415, 419, 420, 427, 437, 440, 444, 445, 446, 447, 448, 449, 455, 463, 464, 466, 467, 468, 473, 475, 476, 478, 480, 484, 485, 490, 491, 494, 496, 504, 505, 510, 514, 519, 523, 524, 526, 527, 533, 539, 545, 548, 555, 561, 563, 568, 569, 571, 572, 577, 581, 583, 588, 596, 599, 601, 603, 605, 611, 613, 616, 617, 622, 624, 629, 631, 633, 650, 651, 653, 657, 659, 660, 665, 666, 668, 670, 671, 673, 678, 683, 685, 686, 691, 695, 696, 698, 700, 703, 706, 707, 712, 714, 717, 725, 729, 731, 734, 736, 738, 739, 742, 743, 746, 747, 749, 751, 759, 762, 764, 767, 768, 772, 773, 779, 785, 791, 793, 801, 805, 807, 808, 813, 819, 823, 831, 832, 837, 842, 851, 853, 854, 855, 856, 857, 862, 874, 876, 878, 882, 887, 888, 891, 892, 893, 899, 900, 902, 903, 904, 907, 909, 913, 917, 919, 923, 924, 928, 929, 932, 936, 941, 943, 957, 958, 965, 976, 977, 979, 982, 984, 985, 987, 989, 991, 992, 994, 1003, 1004, 1005, 1007, 1008, 1013, 1015, 1020, 1025, 1028, 1032, 1035, 1036, 1037, 1040, 1041, 1042, 1046, 1047, 1050, 1051, 1052, 1054, 1061, 1063, 1067, 1071, 1072, 1080, 1081, 1082, 1087, 1088, 1098, 1100, 1107, 1110, 1119, 1121, 1122, 1126, 1129, 1132, 1134, 1135, 1142, 1144, 1145, 1149, 1151, 1155, 1156, 1161, 1164, 1166, 1174, 1177, 1180, 1181, 1182, 1184, 1187, 1188, 1189, 1194, 1203, 1205, 1206, 1207, 1208, 1219, 1226, 1228, 1229, 1230, 1234, 1235, 1239, 1240, 1241, 1243, 1252, 1254, 1255, 1264, 1268, 1269, 1270, 1273, 1274, 1276, 1282, 1284, 1285, 1287, 1289, 1290, 1292, 1294, 1295, 1299, 1305, 1309, 1316, 1323, 1326, 1327, 1329, 1334, 1337, 1338, 1339, 1340, 1343, 1345, 1347, 1352, 1353, 1355, 1356, 1363, 1366, 1368, 1373, 1374, 1376, 1377, 1380, 1385, 1389, 1390, 1392, 1397, 1400, 1402, 1403, 1406, 1409, 1429, 1431, 1433, 1435, 1436, 1437, 1439, 1444, 1447, 1448
--------------Fold 2----------------
Full feature f1 score micro: 0.6744
Fold selected standard PSO f1 score micro: 0.5419
Fold selected super simple PSO f1 score micro: 0.5718
Full feature f1 score macro: 0.2509
Fold selected standard PSO f1 score macro: 0.1975
Fold selected super simple PSO f1 score macro: 0.1894
Time of standard PSO: 95.2000
Time of super simple PSO: 33.1800
Selection standard PSO ratio: 0.36
Selection super simple PSO ratio: 0.32
Selected features standard PSO: 0, 1, 3, 4, 5, 6, 7, 8, 9, 12, 19, 20, 25, 26, 31, 34, 35, 37, 38, 40, 43, 44, 45, 48, 53, 54, 61, 62, 65, 67, 69, 70, 73, 82, 84, 86, 87, 89, 90, 92, 94, 95, 96, 98, 102, 111, 117, 120, 121, 123, 124, 125, 130, 135, 138, 140, 142, 144, 148, 152, 155, 158, 159, 160, 161, 164, 165, 166, 167, 168, 172, 174, 182, 184, 188, 195, 196, 197, 199, 200, 205, 209, 211, 213, 217, 218, 219, 223, 225, 227, 230, 236, 237, 238, 246, 247, 248, 249, 254, 255, 256, 258, 259, 260, 262, 263, 265, 269, 271, 272, 275, 283, 284, 289, 290, 294, 296, 297, 298, 300, 304, 309, 310, 312, 313, 316, 317, 320, 321, 323, 330, 331, 333, 337, 338, 340, 342, 347, 356, 357, 358, 361, 363, 364, 365, 367, 379, 380, 381, 382, 383, 390, 394, 399, 400, 401, 403, 409, 411, 413, 416, 426, 427, 432, 435, 437, 438, 443, 445, 446, 447, 452, 456, 464, 465, 470, 486, 488, 492, 493, 494, 505, 508, 512, 517, 521, 522, 526, 527, 536, 537, 542, 544, 545, 548, 551, 553, 554, 558, 559, 561, 563, 566, 567, 570, 571, 573, 582, 588, 591, 593, 595, 596, 597, 598, 599, 600, 601, 602, 604, 605, 606, 607, 615, 618, 620, 622, 627, 628, 629, 632, 633, 636, 637, 638, 641, 642, 649, 650, 651, 655, 656, 657, 659, 661, 662, 663, 668, 671, 675, 680, 686, 693, 694, 697, 699, 702, 704, 705, 707, 708, 711, 712, 715, 727, 728, 729, 734, 737, 739, 740, 741, 746, 748, 752, 753, 757, 760, 761, 765, 766, 767, 770, 771, 773, 777, 781, 783, 785, 789, 791, 794, 795, 799, 801, 804, 818, 819, 835, 838, 839, 844, 845, 848, 849, 851, 852, 853, 854, 857, 860, 870, 871, 872, 874, 875, 880, 881, 884, 886, 887, 888, 889, 891, 898, 903, 904, 905, 909, 912, 921, 922, 925, 926, 934, 936, 940, 943, 945, 949, 951, 958, 961, 962, 964, 966, 967, 968, 971, 972, 974, 975, 976, 978, 980, 983, 985, 986, 987, 988, 992, 1000, 1001, 1002, 1003, 1008, 1010, 1013, 1014, 1015, 1020, 1023, 1028, 1030, 1034, 1038, 1039, 1044, 1048, 1050, 1065, 1066, 1068, 1071, 1077, 1079, 1087, 1093, 1096, 1098, 1100, 1105, 1110, 1114, 1118, 1120, 1123, 1126, 1127, 1128, 1134, 1139, 1141, 1142, 1143, 1147, 1149, 1152, 1153, 1154, 1155, 1161, 1162, 1163, 1170, 1171, 1174, 1175, 1178, 1181, 1183, 1185, 1186, 1187, 1192, 1194, 1196, 1199, 1201, 1204, 1208, 1211, 1215, 1217, 1219, 1221, 1223, 1224, 1226, 1227, 1228, 1229, 1230, 1232, 1233, 1236, 1238, 1239, 1240, 1241, 1255, 1258, 1259, 1262, 1265, 1266, 1270, 1271, 1273, 1280, 1281, 1285, 1287, 1291, 1292, 1294, 1303, 1304, 1307, 1313, 1315, 1319, 1325, 1329, 1331, 1335, 1337, 1338, 1343, 1345, 1348, 1349, 1351, 1353, 1354, 1355, 1361, 1362, 1373, 1374, 1375, 1376, 1380, 1383, 1386, 1389, 1395, 1396, 1398, 1400, 1403, 1405, 1407, 1408, 1410, 1411, 1412, 1414, 1420, 1421, 1423, 1424, 1428, 1430, 1433, 1434, 1435, 1436, 1437, 1439, 1442, 1443, 1444, 1445, 1446, 1447
Selected features super simple PSO: 1, 6, 8, 14, 16, 20, 24, 25, 29, 33, 34, 36, 37, 38, 40, 42, 44, 46, 49, 52, 56, 57, 60, 62, 63, 64, 65, 66, 67, 68, 71, 72, 73, 79, 90, 92, 93, 98, 107, 110, 112, 116, 120, 123, 124, 125, 130, 136, 137, 138, 139, 140, 141, 148, 151, 152, 157, 161, 162, 171, 176, 178, 184, 190, 199, 200, 211, 212, 214, 216, 229, 232, 245, 248, 252, 254, 255, 260, 267, 268, 272, 273, 283, 284, 287, 299, 310, 313, 314, 320, 325, 327, 328, 330, 331, 333, 342, 343, 345, 347, 348, 351, 352, 353, 357, 359, 364, 365, 366, 367, 369, 370, 371, 372, 376, 378, 380, 384, 391, 392, 397, 403, 404, 412, 414, 419, 421, 431, 435, 436, 437, 441, 444, 446, 452, 454, 455, 457, 463, 466, 469, 480, 485, 486, 492, 494, 495, 502, 503, 510, 511, 512, 514, 515, 517, 518, 519, 520, 521, 524, 525, 528, 530, 536, 541, 550, 551, 554, 555, 558, 559, 560, 561, 562, 568, 570, 573, 574, 581, 590, 592, 593, 595, 596, 597, 606, 612, 615, 618, 619, 622, 624, 625, 630, 633, 634, 638, 639, 644, 646, 658, 661, 663, 666, 667, 670, 673, 680, 681, 682, 684, 686, 687, 688, 689, 693, 698, 699, 700, 702, 706, 713, 715, 718, 720, 721, 722, 726, 728, 730, 731, 734, 735, 746, 751, 752, 754, 755, 756, 759, 760, 766, 767, 768, 771, 772, 775, 779, 781, 785, 789, 793, 796, 799, 802, 805, 806, 808, 813, 814, 821, 823, 824, 826, 827, 830, 834, 841, 843, 845, 848, 856, 857, 858, 859, 863, 864, 868, 872, 876, 882, 883, 884, 885, 888, 890, 893, 901, 902, 903, 905, 907, 908, 912, 914, 921, 923, 924, 928, 930, 933, 937, 942, 944, 946, 949, 954, 958, 960, 965, 966, 970, 971, 974, 976, 977, 979, 981, 982, 989, 992, 993, 996, 999, 1002, 1006, 1013, 1014, 1029, 1033, 1038, 1039, 1042, 1044, 1045, 1047, 1050, 1054, 1055, 1059, 1061, 1063, 1064, 1070, 1071, 1076, 1077, 1079, 1080, 1085, 1086, 1087, 1088, 1099, 1101, 1102, 1108, 1111, 1114, 1130, 1132, 1134, 1138, 1141, 1142, 1143, 1147, 1149, 1151, 1152, 1154, 1155, 1156, 1160, 1161, 1165, 1175, 1179, 1180, 1184, 1186, 1197, 1198, 1203, 1207, 1211, 1214, 1217, 1220, 1222, 1225, 1226, 1227, 1230, 1231, 1237, 1242, 1244, 1245, 1249, 1252, 1253, 1262, 1265, 1274, 1275, 1278, 1280, 1284, 1286, 1288, 1289, 1295, 1306, 1307, 1311, 1312, 1313, 1319, 1320, 1321, 1324, 1325, 1333, 1338, 1339, 1344, 1345, 1346, 1349, 1352, 1358, 1359, 1364, 1368, 1372, 1373, 1374, 1375, 1376, 1381, 1383, 1384, 1389, 1392, 1393, 1401, 1402, 1405, 1407, 1408, 1409, 1411, 1414, 1415, 1417, 1423, 1425, 1427, 1429, 1431, 1436, 1442, 1444, 1446, 1448
--------------Fold 3----------------
Full feature f1 score micro: 0.6549
Fold selected standard PSO f1 score micro: 0.5884
Fold selected super simple PSO f1 score micro: 0.5165
Full feature f1 score macro: 0.2456
Fold selected standard PSO f1 score macro: 0.1903
Fold selected super simple PSO f1 score macro: 0.2266
Time of standard PSO: 91.9100
Time of super simple PSO: 31.7000
Selection standard PSO ratio: 0.39
Selection super simple PSO ratio: 0.40
Selected features standard PSO: 0, 2, 5, 6, 7, 8, 15, 17, 18, 21, 24, 27, 28, 30, 31, 34, 36, 39, 41, 43, 45, 46, 48, 50, 52, 59, 62, 65, 66, 67, 72, 77, 78, 79, 84, 88, 98, 99, 100, 102, 111, 118, 120, 121, 122, 125, 130, 133, 135, 137, 138, 139, 144, 145, 147, 153, 155, 160, 162, 163, 164, 165, 166, 168, 171, 173, 174, 176, 177, 179, 181, 184, 188, 199, 200, 205, 212, 213, 216, 217, 218, 219, 221, 222, 227, 230, 233, 240, 242, 246, 251, 253, 257, 259, 260, 261, 265, 266, 267, 268, 269, 270, 271, 272, 275, 277, 281, 282, 283, 285, 286, 289, 290, 296, 298, 301, 302, 303, 305, 307, 308, 309, 310, 311, 312, 314, 315, 317, 322, 324, 328, 330, 331, 336, 339, 340, 341, 346, 349, 351, 352, 357, 358, 361, 362, 363, 366, 367, 368, 370, 372, 377, 379, 380, 383, 392, 396, 397, 399, 400, 401, 402, 406, 412, 418, 419, 420, 423, 424, 433, 438, 439, 440, 449, 452, 453, 455, 456, 457, 463, 464, 466, 469, 471, 473, 477, 480, 481, 484, 488, 490, 496, 499, 503, 508, 511, 513, 517, 523, 526, 528, 530, 532, 533, 534, 536, 538, 539, 540, 543, 544, 545, 548, 552, 554, 562, 567, 568, 570, 577, 580, 582, 584, 586, 589, 593, 595, 602, 607, 610, 614, 615, 617, 622, 623, 624, 625, 627, 629, 635, 639, 645, 656, 659, 662, 668, 671, 672, 673, 678, 680, 681, 682, 683, 686, 687, 691, 694, 695, 697, 698, 699, 701, 703, 704, 705, 709, 711, 714, 715, 720, 727, 731, 732, 733, 735, 736, 740, 741, 745, 746, 747, 748, 749, 750, 754, 756, 758, 759, 760, 761, 764, 766, 769, 775, 778, 779, 782, 784, 787, 790, 792, 793, 796, 797, 802, 804, 807, 808, 809, 811, 814, 815, 818, 819, 823, 824, 825, 826, 828, 831, 834, 835, 837, 839, 844, 845, 846, 847, 848, 852, 853, 854, 856, 858, 859, 860, 861, 863, 865, 867, 868, 869, 872, 873, 874, 877, 878, 880, 887, 889, 892, 893, 895, 898, 902, 903, 907, 911, 912, 913, 915, 916, 919, 920, 923, 927, 931, 936, 937, 942, 943, 944, 948, 953, 955, 964, 966, 968, 970, 973, 974, 976, 978, 979, 981, 982, 983, 984, 985, 989, 992, 994, 995, 1000, 1004, 1007, 1009, 1013, 1016, 1018, 1020, 1021, 1025, 1027, 1028, 1030, 1033, 1034, 1035, 1037, 1038, 1039, 1042, 1047, 1049, 1050, 1054, 1055, 1056, 1057, 1058, 1064, 1071, 1072, 1079, 1081, 1084, 1086, 1089, 1094, 1097, 1099, 1101, 1106, 1117, 1118, 1120, 1121, 1122, 1124, 1125, 1128, 1129, 1131, 1132, 1133, 1135, 1136, 1137, 1138, 1140, 1145, 1148, 1149, 1150, 1154, 1157, 1165, 1168, 1171, 1174, 1177, 1179, 1182, 1183, 1184, 1191, 1192, 1194, 1195, 1196, 1202, 1203, 1206, 1207, 1208, 1210, 1218, 1222, 1223, 1226, 1227, 1228, 1229, 1230, 1232, 1233, 1234, 1239, 1243, 1245, 1246, 1247, 1252, 1255, 1257, 1259, 1261, 1263, 1265, 1266, 1272, 1275, 1276, 1281, 1287, 1288, 1295, 1297, 1298, 1299, 1304, 1305, 1306, 1309, 1310, 1312, 1318, 1319, 1320, 1321, 1322, 1324, 1326, 1329, 1330, 1333, 1337, 1344, 1345, 1346, 1349, 1351, 1362, 1366, 1370, 1371, 1372, 1373, 1377, 1382, 1394, 1395, 1396, 1397, 1399, 1402, 1403, 1406, 1411, 1412, 1413, 1414, 1415, 1416, 1418, 1424, 1428, 1429, 1430, 1438, 1439, 1440, 1442, 1443, 1446
Selected features super simple PSO: 4, 7, 8, 10, 11, 12, 13, 14, 15, 16, 19, 23, 25, 26, 27, 32, 33, 38, 41, 42, 44, 45, 47, 49, 50, 51, 52, 55, 60, 61, 66, 68, 69, 70, 72, 74, 75, 77, 79, 80, 88, 89, 91, 93, 94, 95, 96, 97, 98, 99, 101, 102, 103, 105, 107, 109, 113, 115, 118, 119, 120, 121, 124, 131, 132, 133, 134, 135, 137, 142, 145, 147, 148, 149, 151, 155, 157, 159, 161, 162, 164, 166, 167, 169, 171, 173, 175, 177, 178, 179, 184, 189, 195, 199, 203, 204, 206, 207, 209, 216, 218, 219, 220, 221, 223, 224, 225, 226, 232, 234, 238, 243, 244, 245, 252, 254, 255, 256, 261, 262, 263, 264, 266, 267, 269, 270, 272, 276, 277, 278, 279, 282, 283, 286, 290, 291, 294, 296, 297, 301, 303, 305, 306, 307, 311, 316, 317, 318, 319, 323, 324, 326, 328, 330, 333, 337, 338, 342, 344, 345, 347, 348, 354, 363, 364, 365, 367, 368, 370, 371, 372, 380, 382, 384, 386, 387, 388, 389, 390, 399, 401, 407, 408, 410, 415, 416, 417, 418, 423, 433, 434, 439, 440, 442, 445, 449, 450, 451, 452, 454, 462, 467, 471, 472, 480, 487, 495, 499, 500, 501, 515, 519, 521, 522, 524, 526, 529, 534, 543, 544, 545, 547, 551, 552, 553, 555, 560, 561, 565, 568, 570, 573, 574, 576, 577, 580, 586, 587, 589, 598, 600, 601, 602, 604, 605, 606, 607, 608, 609, 611, 612, 613, 614, 619, 622, 625, 627, 629, 633, 634, 635, 636, 640, 643, 644, 645, 648, 649, 656, 657, 662, 663, 664, 666, 667, 668, 669, 670, 671, 673, 675, 676, 677, 678, 681, 682, 687, 690, 693, 700, 701, 704, 706, 709, 712, 714, 715, 718, 719, 722, 725, 734, 739, 744, 746, 747, 748, 753, 755, 759, 761, 764, 767, 768, 772, 773, 777, 780, 781, 787, 788, 790, 792, 793, 795, 796, 797, 798, 801, 802, 804, 806, 808, 811, 812, 813, 825, 826, 833, 837, 842, 846, 849, 852, 855, 856, 858, 859, 860, 864, 867, 872, 875, 877, 878, 879, 880, 881, 885, 887, 888, 891, 893, 894, 895, 896, 897, 898, 905, 906, 910, 911, 913, 914, 916, 918, 926, 928, 929, 932, 933, 941, 943, 947, 951, 952, 955, 956, 965, 966, 968, 969, 971, 974, 975, 978, 979, 981, 982, 983, 985, 987, 989, 992, 993, 995, 996, 997, 999, 1002, 1007, 1008, 1009, 1010, 1015, 1017, 1018, 1019, 1021, 1022, 1026, 1027, 1030, 1035, 1037, 1041, 1045, 1046, 1051, 1054, 1057, 1060, 1062, 1064, 1066, 1072, 1073, 1075, 1078, 1084, 1085, 1086, 1089, 1094, 1100, 1102, 1103, 1105, 1107, 1112, 1117, 1119, 1121, 1122, 1127, 1130, 1133, 1134, 1135, 1143, 1144, 1146, 1148, 1154, 1161, 1163, 1168, 1169, 1170, 1178, 1181, 1182, 1184, 1185, 1188, 1190, 1192, 1193, 1194, 1199, 1201, 1203, 1208, 1209, 1210, 1218, 1222, 1224, 1228, 1229, 1230, 1231, 1232, 1233, 1234, 1236, 1237, 1239, 1240, 1243, 1245, 1246, 1248, 1254, 1262, 1265, 1266, 1269, 1272, 1276, 1278, 1279, 1280, 1287, 1288, 1294, 1295, 1298, 1299, 1301, 1302, 1305, 1309, 1310, 1311, 1314, 1317, 1321, 1326, 1330, 1335, 1336, 1338, 1344, 1345, 1347, 1355, 1356, 1358, 1360, 1361, 1362, 1364, 1367, 1368, 1374, 1375, 1378, 1380, 1382, 1383, 1387, 1390, 1394, 1396, 1402, 1405, 1407, 1410, 1412, 1414, 1415, 1417, 1419, 1421, 1423, 1427, 1428, 1431, 1440, 1441, 1442, 1443, 1444, 1446
--------------Average----------------
Ave Full Accuracy micro: 0.6314
Ave Standard PSO Selection Accuracy micro: 0.6038
Ave Super simple PSO Selection Accuracy  micro: 0.5623
Ave Full Accuracy macro: 0.2436
Ave Standard PSO Selection Accuracy macro: 0.2191
Ave Super simple PSO Selection Accuracy macro: 0.1964
Ave time of Standard PSO: 96.3367
Ave time of Super simple PSO: 32.2200
Ave Standard PSO Feature Ratio: 0.38
Ave Super simple PSO Feature Ratio: 0.34
