--------------Fold 1----------------
Full feature f1 score micro: 0.1049
Fold selected standard PSO f1 score micro: 0.1047
Fold selected super simple PSO f1 score micro: 0.1078
Time of standard PSO: 50.7700
Time of super simple PSO: 44.1500
Selection standard PSO ratio: 0.37
Selection super simple PSO ratio: 0.37
Selected features standard PSO: 0, 3, 4, 11, 12, 14, 16, 19, 21, 22, 24, 26, 28, 30, 31, 33, 34, 36, 37, 39, 40, 41, 43, 46, 48, 50, 51, 52, 53, 54, 61, 63, 65, 67, 70, 73, 74, 76, 77, 82, 84, 85, 87, 91, 94, 96, 97, 99, 102, 104, 111, 114, 116, 118, 122, 129, 131, 134, 135, 136, 137, 138, 142, 147, 149, 153, 155, 157, 164, 168, 175, 176, 180, 185, 188, 189, 191, 193, 198, 200, 203, 206, 208, 210, 211, 212, 218, 220, 226, 227, 231, 233, 234, 235, 237, 238, 239, 241, 243, 244, 249, 252, 256, 258, 266, 269, 275, 276, 282, 289
Selected features super simple PSO: 1, 2, 4, 6, 7, 10, 14, 15, 16, 17, 22, 24, 26, 28, 35, 37, 38, 41, 45, 47, 48, 51, 53, 55, 56, 59, 68, 69, 70, 71, 73, 74, 77, 78, 83, 84, 89, 90, 92, 97, 99, 104, 105, 107, 124, 127, 130, 132, 133, 140, 141, 146, 151, 152, 153, 154, 155, 158, 161, 162, 164, 167, 168, 170, 171, 181, 188, 189, 192, 193, 194, 197, 200, 202, 204, 209, 210, 211, 215, 219, 220, 224, 227, 228, 229, 231, 233, 234, 235, 238, 240, 241, 247, 249, 250, 254, 256, 259, 260, 266, 267, 268, 269, 275, 280, 281, 286, 289, 290, 292
--------------Fold 2----------------
Full feature f1 score micro: 0.0966
Fold selected standard PSO f1 score micro: 0.0985
Fold selected super simple PSO f1 score micro: 0.1027
Time of standard PSO: 51.0300
Time of super simple PSO: 44.0700
Selection standard PSO ratio: 0.40
Selection super simple PSO ratio: 0.32
Selected features standard PSO: 0, 2, 9, 11, 12, 13, 15, 16, 17, 18, 19, 20, 22, 23, 24, 27, 28, 31, 32, 33, 34, 37, 41, 43, 44, 45, 47, 48, 49, 50, 51, 55, 56, 58, 59, 64, 65, 66, 67, 70, 72, 83, 89, 91, 94, 96, 97, 98, 99, 100, 108, 111, 112, 114, 117, 122, 124, 125, 129, 131, 139, 140, 144, 147, 149, 152, 159, 160, 162, 164, 168, 169, 170, 171, 172, 178, 187, 193, 195, 196, 199, 201, 202, 207, 210, 213, 215, 216, 218, 221, 222, 223, 233, 236, 237, 239, 241, 242, 243, 247, 248, 251, 252, 254, 264, 265, 267, 269, 270, 272, 273, 274, 279, 283, 286, 291, 292, 293
Selected features super simple PSO: 0, 1, 3, 4, 11, 23, 28, 32, 33, 34, 39, 40, 43, 46, 50, 54, 64, 67, 75, 76, 77, 78, 79, 90, 93, 94, 95, 99, 100, 102, 104, 111, 114, 117, 120, 123, 126, 128, 130, 132, 135, 137, 142, 143, 145, 150, 159, 160, 166, 168, 171, 172, 175, 176, 177, 178, 179, 182, 184, 185, 188, 190, 191, 193, 195, 198, 201, 205, 207, 213, 219, 226, 227, 230, 233, 234, 236, 241, 244, 245, 251, 252, 256, 258, 260, 266, 267, 270, 275, 276, 280, 281, 282, 290, 292
--------------Fold 3----------------
Full feature f1 score micro: 0.0960
Fold selected standard PSO f1 score micro: 0.0971
Fold selected super simple PSO f1 score micro: 0.0971
Time of standard PSO: 51.8700
Time of super simple PSO: 47.2500
Selection standard PSO ratio: 0.40
Selection super simple PSO ratio: 0.44
Selected features standard PSO: 6, 8, 10, 15, 20, 23, 25, 26, 27, 28, 29, 31, 34, 38, 39, 40, 44, 46, 51, 54, 55, 60, 61, 62, 64, 71, 73, 74, 76, 77, 78, 80, 85, 88, 90, 93, 94, 98, 99, 100, 106, 107, 108, 109, 113, 114, 115, 117, 118, 123, 125, 131, 136, 137, 139, 142, 143, 147, 148, 149, 151, 154, 158, 160, 167, 171, 173, 175, 176, 178, 183, 184, 185, 188, 192, 197, 198, 200, 202, 206, 207, 210, 211, 214, 215, 218, 219, 224, 225, 226, 230, 231, 233, 236, 238, 239, 241, 243, 244, 248, 249, 250, 251, 256, 257, 258, 259, 260, 263, 265, 267, 270, 272, 282, 285, 286, 290, 292
Selected features super simple PSO: 2, 3, 5, 6, 7, 11, 12, 14, 15, 21, 24, 25, 26, 27, 29, 31, 32, 33, 35, 36, 38, 39, 42, 43, 44, 45, 47, 48, 49, 51, 55, 56, 60, 62, 64, 66, 69, 71, 72, 75, 76, 79, 82, 83, 92, 95, 103, 109, 110, 111, 113, 115, 120, 123, 124, 125, 127, 128, 131, 133, 134, 136, 137, 140, 142, 144, 148, 149, 151, 156, 157, 158, 162, 163, 164, 165, 166, 167, 168, 170, 171, 172, 177, 179, 180, 181, 185, 187, 189, 190, 196, 197, 201, 204, 209, 210, 212, 214, 215, 216, 217, 219, 221, 222, 223, 224, 227, 228, 233, 234, 235, 240, 242, 243, 245, 247, 249, 253, 254, 255, 257, 259, 260, 272, 273, 276, 279, 288, 289
--------------Average----------------
Ave Full Accuracy micro: 0.0992
Ave Standard PSO Selection Accuracy micro: 0.1001
Ave Super simple PSO Selection Accuracy  micro: 0.1025
Ave time of Standard PSO: 51.2233
Ave time of Super simple PSO: 45.1567
Ave Standard PSO Feature Ratio: 0.39
Ave Super simple PSO Feature Ratio: 0.38
