--------------Fold 1----------------
Full feature f1 score micro: 0.6387
Fold selected f1 score micro: 0.6072
Time of PSO: 756.0100
Selection ratio: 0.39
Selected features: 3, 6, 8, 9, 19, 22, 23, 25, 27, 28, 33, 34, 35, 36, 38, 40, 41, 46, 47, 49, 53, 55, 56, 57, 64, 65, 66, 67, 69, 70, 71, 73, 76, 77, 78, 85, 90, 98, 101, 103, 105, 108, 111, 114, 116, 117, 125, 126, 129, 130, 131, 132, 133, 134, 136, 137, 140, 141, 142, 143, 145, 147, 149, 150, 151, 152, 153, 154, 156, 165, 167, 171, 174, 176, 179, 182, 185, 188, 190, 191, 194, 199, 205, 208, 210, 211, 215, 217, 218, 220, 222, 226, 229, 230, 231, 232, 240, 248, 254, 258, 261, 264, 268, 269, 270, 271, 275, 276, 277, 281, 283, 284, 285, 286, 290, 292, 295, 299, 304, 306, 307, 312, 313, 314, 318, 319, 320, 326, 327, 329, 330, 331, 333, 337, 341, 342, 348, 353, 355, 356, 359, 360, 364, 365, 368, 369, 373, 378, 380, 381, 382, 384, 385, 387, 390, 392, 398, 401, 402, 404, 406, 407, 408, 409, 411, 415, 416, 419, 422, 424, 426, 427, 428, 433, 437, 441, 445, 449, 452, 453, 455, 456, 457, 459, 461, 469, 474, 475, 477, 478, 479, 482, 485, 489, 491, 494, 495, 496, 503, 504, 507, 511, 513, 515, 517, 518, 524, 526, 528, 529, 530, 535, 536, 542, 546, 548, 549, 553, 558, 565, 571, 575, 578, 581, 582, 583, 584, 585, 586, 591, 593, 595, 599, 600, 601, 610, 615, 618, 620, 621, 623, 624, 625, 628, 635, 636, 639, 642, 644, 647, 652, 656, 657, 658, 660, 661, 662, 665, 667, 668, 669, 670, 671, 674, 679, 680, 681, 683, 684, 686, 687, 689, 695, 697, 700, 701, 702, 712, 720, 721, 726, 727, 733, 734, 736, 738, 739, 743, 745, 751, 755, 759, 760, 763, 764, 765, 766, 769, 772, 775, 776, 778, 780, 784, 785, 787, 788, 789, 791, 795, 796, 798, 800, 802, 804, 808, 811, 812, 814, 817, 820, 823, 824, 827, 829, 831, 833, 835, 836, 838, 839, 841, 842, 847, 848, 849, 851, 860, 862, 864, 865, 866, 867, 877, 879, 882, 883, 884, 886, 887, 890, 895, 896, 899, 902, 903, 911, 912, 913, 914, 916, 917, 919, 921, 923, 924, 928, 929, 935, 936, 937, 940, 943, 948, 952, 958, 960, 961, 965, 969, 972, 974, 975, 976, 977, 979, 983, 985, 986, 987, 989, 996, 997, 998, 999, 1005, 1007, 1008, 1009, 1010, 1016, 1017, 1020, 1021, 1025, 1030, 1032, 1033, 1037, 1038, 1041, 1050, 1053, 1054, 1055, 1056, 1058, 1063, 1065, 1071, 1072, 1075, 1079, 1080, 1083, 1085, 1086, 1087, 1088, 1092, 1093, 1095, 1097, 1098, 1099, 1105, 1107, 1117, 1120, 1122, 1123, 1126, 1127, 1135, 1143, 1145, 1147, 1148, 1149, 1152, 1155, 1164, 1173, 1174, 1175, 1183, 1184, 1187, 1190, 1194, 1196, 1197, 1200, 1201, 1202, 1205, 1211, 1212, 1215, 1221, 1228, 1229, 1231, 1235, 1236, 1237, 1238, 1239, 1241, 1242, 1243, 1247, 1250, 1251, 1253, 1254, 1255, 1256, 1257, 1264, 1266, 1268, 1271, 1279, 1280, 1286, 1290, 1291, 1294, 1295, 1296, 1300, 1301, 1305, 1309, 1311, 1312, 1314, 1320, 1321, 1322, 1326, 1327, 1328, 1333, 1337, 1338, 1344, 1346, 1347, 1349, 1350, 1351, 1352, 1354, 1355, 1356, 1359, 1361, 1369, 1370, 1372, 1376, 1377, 1379, 1384, 1386, 1387, 1389, 1393, 1398, 1400, 1410, 1411, 1413, 1418, 1420, 1422, 1423, 1426, 1427, 1430, 1431, 1433, 1434, 1435, 1436, 1437, 1439, 1441, 1443, 1445, 1447, 1448
--------------Fold 2----------------
Full feature f1 score micro: 0.6546
Fold selected f1 score micro: 0.7074
Time of PSO: 730.0800
Selection ratio: 0.40
Selected features: 8, 11, 12, 14, 23, 28, 33, 38, 40, 43, 45, 48, 49, 50, 52, 55, 59, 61, 62, 64, 68, 71, 73, 74, 76, 77, 78, 81, 82, 84, 88, 91, 92, 95, 97, 101, 103, 104, 105, 108, 111, 112, 113, 116, 117, 118, 123, 126, 129, 130, 133, 138, 140, 141, 145, 146, 147, 148, 149, 151, 153, 154, 158, 161, 163, 166, 167, 168, 170, 171, 172, 175, 176, 179, 181, 183, 184, 185, 190, 191, 193, 195, 197, 198, 200, 203, 204, 205, 206, 218, 226, 228, 229, 231, 232, 234, 235, 238, 239, 241, 243, 244, 246, 247, 251, 255, 257, 262, 264, 267, 268, 270, 276, 277, 285, 287, 295, 297, 298, 301, 302, 303, 308, 309, 310, 311, 312, 314, 315, 316, 318, 319, 328, 331, 332, 333, 348, 349, 351, 352, 354, 356, 357, 358, 362, 364, 366, 368, 371, 372, 375, 377, 379, 380, 383, 385, 386, 389, 391, 392, 393, 394, 397, 400, 401, 404, 405, 407, 409, 412, 413, 416, 421, 422, 427, 429, 431, 433, 434, 435, 438, 440, 443, 445, 452, 454, 455, 458, 461, 463, 465, 466, 467, 470, 472, 477, 479, 480, 481, 482, 484, 485, 495, 496, 497, 499, 501, 503, 506, 512, 514, 515, 516, 517, 524, 526, 528, 529, 536, 543, 544, 546, 547, 548, 550, 551, 553, 555, 556, 557, 558, 561, 562, 567, 569, 571, 573, 577, 581, 582, 583, 586, 587, 590, 592, 594, 595, 596, 597, 600, 601, 603, 605, 607, 608, 614, 616, 618, 620, 622, 626, 627, 628, 630, 632, 633, 634, 635, 636, 637, 638, 639, 641, 642, 644, 645, 646, 649, 651, 655, 656, 658, 659, 663, 666, 668, 669, 671, 672, 673, 675, 676, 683, 691, 693, 697, 700, 704, 706, 708, 711, 712, 718, 720, 724, 725, 735, 736, 738, 741, 742, 743, 744, 746, 748, 749, 751, 753, 759, 762, 771, 774, 776, 777, 778, 779, 781, 783, 784, 786, 787, 789, 791, 794, 805, 807, 809, 810, 811, 815, 816, 817, 823, 824, 827, 828, 830, 831, 839, 843, 848, 849, 853, 857, 859, 861, 862, 864, 865, 866, 868, 869, 871, 875, 880, 890, 891, 897, 903, 905, 907, 915, 916, 917, 918, 920, 923, 924, 925, 926, 931, 932, 935, 936, 940, 941, 944, 950, 952, 953, 955, 958, 965, 968, 970, 972, 979, 981, 983, 985, 986, 987, 988, 989, 990, 997, 1001, 1002, 1003, 1010, 1012, 1013, 1014, 1021, 1022, 1023, 1028, 1029, 1033, 1034, 1035, 1039, 1041, 1042, 1044, 1045, 1049, 1050, 1052, 1058, 1064, 1065, 1066, 1067, 1070, 1071, 1072, 1075, 1084, 1085, 1087, 1090, 1091, 1096, 1097, 1098, 1099, 1101, 1103, 1104, 1105, 1106, 1107, 1110, 1111, 1112, 1113, 1117, 1121, 1125, 1131, 1133, 1135, 1141, 1143, 1145, 1149, 1150, 1154, 1155, 1159, 1160, 1161, 1166, 1170, 1173, 1176, 1181, 1183, 1185, 1186, 1188, 1193, 1206, 1207, 1208, 1209, 1216, 1220, 1222, 1226, 1228, 1229, 1231, 1232, 1233, 1239, 1241, 1242, 1243, 1244, 1246, 1249, 1251, 1256, 1261, 1262, 1267, 1270, 1272, 1273, 1274, 1275, 1277, 1280, 1281, 1285, 1287, 1294, 1295, 1297, 1299, 1302, 1304, 1305, 1308, 1309, 1311, 1312, 1317, 1318, 1319, 1320, 1323, 1324, 1326, 1328, 1329, 1331, 1333, 1337, 1341, 1346, 1347, 1349, 1351, 1355, 1361, 1362, 1368, 1369, 1370, 1371, 1374, 1375, 1379, 1383, 1384, 1385, 1388, 1390, 1392, 1394, 1395, 1398, 1405, 1410, 1411, 1413, 1416, 1420, 1421, 1422, 1425, 1429, 1434, 1435, 1438, 1439, 1447
--------------Fold 3----------------
Full feature f1 score micro: 0.6557
Fold selected f1 score micro: 0.7197
Time of PSO: 720.1800
Selection ratio: 0.44
Selected features: 1, 3, 5, 6, 12, 14, 16, 18, 23, 24, 26, 27, 28, 31, 34, 37, 40, 43, 44, 45, 46, 47, 49, 52, 53, 54, 55, 58, 60, 64, 71, 73, 74, 75, 78, 84, 86, 89, 92, 94, 96, 97, 100, 102, 105, 110, 111, 113, 115, 117, 118, 119, 122, 123, 126, 127, 130, 131, 137, 139, 142, 144, 145, 146, 147, 152, 154, 156, 157, 159, 161, 164, 168, 170, 176, 177, 183, 184, 186, 188, 190, 191, 192, 193, 194, 201, 202, 203, 204, 206, 207, 212, 213, 214, 215, 218, 219, 222, 223, 225, 227, 232, 234, 235, 241, 248, 254, 262, 263, 267, 270, 273, 274, 275, 277, 280, 283, 284, 287, 292, 293, 296, 297, 300, 301, 305, 306, 307, 308, 310, 311, 312, 317, 320, 329, 330, 332, 333, 334, 336, 337, 341, 342, 345, 347, 348, 350, 351, 352, 353, 358, 363, 364, 369, 375, 377, 380, 381, 383, 387, 388, 390, 391, 392, 393, 398, 399, 400, 403, 405, 406, 408, 414, 417, 419, 425, 427, 428, 429, 430, 433, 434, 435, 437, 440, 446, 447, 450, 452, 457, 458, 460, 461, 465, 467, 469, 472, 475, 476, 478, 481, 482, 483, 484, 489, 492, 499, 502, 503, 505, 506, 508, 514, 515, 522, 524, 528, 529, 531, 532, 533, 534, 538, 539, 542, 543, 544, 548, 551, 554, 557, 559, 561, 563, 564, 565, 567, 571, 573, 578, 580, 582, 588, 589, 590, 591, 592, 594, 598, 605, 607, 609, 613, 614, 615, 618, 620, 623, 625, 626, 628, 629, 632, 633, 638, 641, 642, 643, 644, 645, 646, 648, 649, 650, 651, 652, 654, 655, 656, 658, 660, 661, 662, 663, 664, 665, 666, 669, 671, 672, 674, 676, 678, 680, 683, 685, 687, 689, 691, 695, 696, 697, 699, 700, 703, 704, 706, 709, 711, 713, 714, 716, 717, 718, 720, 723, 728, 732, 735, 740, 741, 742, 743, 745, 746, 747, 749, 750, 752, 753, 754, 756, 759, 761, 763, 766, 768, 770, 771, 775, 779, 782, 783, 784, 785, 786, 787, 789, 794, 795, 797, 800, 801, 802, 805, 808, 809, 810, 811, 813, 815, 817, 819, 820, 821, 823, 826, 827, 828, 829, 830, 831, 833, 836, 841, 846, 849, 855, 857, 859, 861, 863, 867, 869, 870, 871, 872, 875, 876, 877, 879, 880, 884, 885, 886, 889, 890, 891, 894, 895, 898, 899, 900, 902, 903, 906, 916, 917, 921, 924, 925, 926, 930, 931, 932, 933, 934, 935, 937, 939, 944, 951, 952, 954, 956, 958, 960, 961, 972, 973, 977, 978, 979, 980, 981, 985, 986, 990, 991, 992, 995, 997, 998, 1000, 1001, 1009, 1014, 1016, 1018, 1020, 1024, 1025, 1027, 1029, 1030, 1032, 1037, 1042, 1043, 1046, 1048, 1054, 1058, 1060, 1062, 1065, 1067, 1068, 1070, 1072, 1073, 1074, 1076, 1084, 1085, 1086, 1088, 1089, 1090, 1091, 1092, 1095, 1096, 1099, 1101, 1102, 1103, 1105, 1106, 1109, 1110, 1112, 1115, 1117, 1120, 1121, 1123, 1124, 1127, 1131, 1133, 1134, 1140, 1145, 1146, 1150, 1152, 1154, 1155, 1157, 1160, 1164, 1166, 1167, 1171, 1172, 1173, 1174, 1176, 1177, 1179, 1185, 1186, 1188, 1190, 1191, 1192, 1193, 1195, 1196, 1197, 1198, 1199, 1205, 1208, 1210, 1211, 1214, 1215, 1218, 1222, 1224, 1226, 1227, 1229, 1232, 1233, 1234, 1236, 1238, 1244, 1248, 1251, 1252, 1253, 1258, 1264, 1271, 1272, 1274, 1275, 1276, 1280, 1282, 1283, 1288, 1290, 1293, 1294, 1295, 1299, 1300, 1305, 1307, 1311, 1312, 1313, 1314, 1315, 1316, 1317, 1319, 1320, 1321, 1322, 1323, 1327, 1328, 1330, 1335, 1337, 1339, 1340, 1346, 1348, 1356, 1357, 1362, 1366, 1369, 1371, 1373, 1374, 1378, 1379, 1380, 1383, 1384, 1385, 1387, 1391, 1393, 1394, 1395, 1400, 1402, 1405, 1406, 1408, 1413, 1415, 1416, 1417, 1418, 1419, 1420, 1421, 1423, 1424, 1425, 1427, 1429, 1431, 1436, 1438, 1445, 1446, 1447
--------------Average----------------
Ave Full Accuracy: 0.6497
Ave Selection Accuracy: 0.6781
Ave time of PSO: 735.4233
Ave Feature Ratio: 0.41
