--------------Fold 1----------------
Full feature f1 score micro: 0.7122
Fold selected standard PSO f1 score micro: 0.6880
Fold selected super PSO f1 score micro: 0.7156
Time of standard PSO: 66.6600
Time of super PSO: 113.8400
Selection ratio: 0.36
Selection ratio: 0.40
Selected features: 0, 4, 5, 7, 8, 11, 12, 18, 20, 23, 24, 27, 29, 31, 32, 34, 35, 42, 43, 50, 56, 60, 61, 64, 70, 73, 74, 81, 83, 88, 89, 93, 94, 96, 99, 100, 101, 103, 105, 107, 108, 111, 114, 117, 123, 127, 128, 130, 131, 133, 137, 139, 140, 142, 146, 147, 148, 150, 151, 152, 153, 159, 161, 162, 163, 164, 165, 166, 167, 170, 171, 172, 175, 177, 178, 179, 182, 183, 190, 192, 193, 200, 201, 202, 203, 204, 207, 209, 219, 223, 224, 228, 233, 238, 240, 242, 244, 245, 255, 259, 261, 266, 270, 271, 278, 286, 293
Selected features: 0, 2, 5, 6, 11, 13, 17, 19, 20, 21, 30, 31, 32, 33, 34, 38, 41, 44, 46, 47, 49, 51, 53, 54, 57, 61, 64, 65, 66, 67, 73, 74, 78, 79, 80, 84, 86, 87, 92, 97, 99, 100, 101, 103, 107, 109, 111, 112, 113, 117, 118, 119, 121, 123, 124, 130, 133, 135, 136, 142, 144, 147, 148, 150, 151, 153, 154, 155, 157, 158, 161, 164, 168, 169, 171, 175, 176, 177, 186, 187, 191, 192, 197, 201, 204, 209, 213, 215, 217, 219, 222, 223, 225, 229, 236, 240, 242, 244, 245, 247, 248, 252, 253, 259, 260, 261, 269, 271, 274, 275, 276, 280, 281, 284, 286, 290, 293
--------------Fold 2----------------
Full feature f1 score micro: 0.6933
Fold selected standard PSO f1 score micro: 0.7181
Fold selected super PSO f1 score micro: 0.7188
Time of standard PSO: 63.8700
Time of super PSO: 114.5000
Selection ratio: 0.41
Selection ratio: 0.40
Selected features: 0, 5, 11, 12, 13, 15, 16, 17, 25, 28, 29, 30, 31, 33, 39, 40, 43, 44, 46, 49, 52, 53, 57, 60, 64, 67, 76, 77, 78, 79, 81, 83, 84, 85, 86, 92, 93, 95, 96, 97, 98, 100, 101, 104, 106, 107, 110, 115, 117, 120, 121, 126, 130, 131, 133, 136, 137, 138, 141, 145, 148, 155, 157, 162, 165, 166, 167, 169, 176, 180, 183, 184, 186, 187, 188, 190, 196, 201, 207, 208, 210, 211, 212, 216, 217, 220, 221, 222, 223, 226, 229, 231, 233, 236, 238, 239, 244, 245, 246, 247, 249, 250, 251, 252, 254, 258, 259, 260, 261, 263, 267, 268, 271, 273, 274, 277, 278, 280, 283, 284, 286, 290
Selected features: 0, 4, 6, 8, 9, 13, 14, 16, 21, 23, 24, 26, 28, 30, 33, 37, 38, 39, 44, 46, 50, 51, 54, 55, 59, 60, 63, 66, 67, 68, 69, 70, 76, 78, 79, 81, 82, 85, 89, 91, 94, 95, 98, 101, 103, 104, 110, 111, 112, 118, 121, 123, 124, 127, 130, 131, 132, 134, 135, 138, 141, 142, 143, 144, 147, 148, 154, 155, 157, 158, 160, 162, 163, 166, 167, 169, 177, 180, 182, 187, 188, 197, 199, 202, 203, 205, 206, 207, 215, 216, 217, 221, 224, 229, 230, 231, 232, 235, 236, 238, 239, 240, 244, 247, 250, 251, 252, 255, 257, 259, 263, 284, 285, 287, 291, 292, 293
--------------Fold 3----------------
Full feature f1 score micro: 0.7358
Fold selected standard PSO f1 score micro: 0.7208
Fold selected super PSO f1 score micro: 0.7013
Time of standard PSO: 61.7400
Time of super PSO: 109.9700
Selection ratio: 0.35
Selection ratio: 0.37
Selected features: 0, 3, 4, 5, 6, 12, 14, 28, 29, 33, 34, 36, 37, 43, 46, 48, 52, 55, 57, 59, 62, 63, 66, 70, 71, 78, 80, 81, 83, 84, 89, 91, 93, 94, 95, 99, 100, 101, 103, 105, 107, 108, 110, 111, 112, 115, 117, 118, 119, 127, 130, 133, 138, 140, 142, 143, 145, 146, 147, 151, 153, 154, 157, 159, 161, 165, 169, 175, 177, 179, 183, 185, 189, 194, 197, 199, 203, 204, 205, 211, 213, 214, 215, 218, 226, 229, 232, 233, 239, 242, 245, 248, 249, 251, 264, 265, 266, 268, 274, 275, 280, 281, 287, 292
Selected features: 1, 6, 9, 11, 13, 15, 18, 21, 30, 32, 38, 43, 48, 53, 63, 65, 71, 72, 73, 75, 76, 77, 79, 80, 86, 87, 89, 90, 91, 94, 95, 97, 99, 105, 107, 110, 113, 116, 118, 119, 121, 122, 124, 126, 128, 130, 135, 136, 137, 139, 141, 142, 145, 146, 149, 150, 151, 152, 155, 159, 162, 163, 165, 168, 171, 172, 175, 176, 179, 185, 186, 188, 191, 193, 194, 201, 207, 210, 211, 220, 221, 223, 225, 229, 230, 232, 233, 234, 235, 236, 243, 247, 248, 249, 250, 251, 252, 255, 256, 258, 263, 267, 273, 274, 275, 286, 290, 292
--------------Fold 4----------------
Full feature f1 score micro: 0.7503
Fold selected standard PSO f1 score micro: 0.7319
Fold selected super PSO f1 score micro: 0.7581
Time of standard PSO: 64.4900
Time of super PSO: 111.3400
Selection ratio: 0.36
Selection ratio: 0.46
Selected features: 1, 12, 13, 17, 21, 24, 27, 28, 31, 32, 33, 37, 39, 41, 42, 43, 44, 46, 47, 51, 55, 58, 60, 61, 64, 66, 67, 71, 76, 77, 81, 87, 91, 97, 98, 99, 104, 106, 108, 116, 117, 119, 122, 123, 124, 126, 129, 130, 133, 134, 136, 140, 142, 145, 146, 147, 148, 149, 156, 158, 159, 161, 165, 173, 175, 177, 178, 183, 185, 186, 187, 195, 196, 199, 201, 202, 203, 204, 207, 208, 210, 214, 215, 216, 217, 228, 230, 231, 233, 240, 243, 246, 252, 254, 257, 263, 269, 270, 271, 274, 275, 276, 280, 282, 283, 289, 292
Selected features: 2, 3, 6, 7, 8, 9, 10, 11, 14, 15, 19, 20, 21, 22, 23, 25, 27, 28, 30, 31, 36, 37, 39, 43, 46, 47, 48, 49, 52, 54, 55, 58, 62, 64, 68, 69, 70, 77, 78, 79, 82, 83, 85, 86, 89, 90, 91, 92, 93, 95, 97, 99, 100, 105, 107, 112, 117, 118, 119, 120, 121, 123, 128, 134, 135, 136, 137, 139, 140, 143, 146, 148, 151, 153, 157, 159, 160, 161, 165, 166, 168, 170, 171, 176, 177, 178, 182, 183, 189, 191, 192, 193, 194, 197, 201, 205, 208, 211, 212, 213, 214, 220, 224, 225, 228, 231, 233, 236, 237, 239, 240, 242, 243, 244, 245, 246, 247, 249, 252, 254, 259, 261, 262, 264, 265, 270, 280, 281, 283, 284, 286, 287, 289, 290, 293
--------------Fold 5----------------
Full feature f1 score micro: 0.7094
Fold selected standard PSO f1 score micro: 0.6933
Fold selected super PSO f1 score micro: 0.6859
Time of standard PSO: 65.2900
Time of super PSO: 110.2500
Selection ratio: 0.38
Selection ratio: 0.42
Selected features: 0, 5, 6, 8, 12, 13, 15, 16, 17, 19, 25, 28, 29, 30, 31, 32, 33, 40, 41, 43, 44, 46, 49, 52, 53, 60, 63, 64, 67, 76, 78, 79, 81, 82, 83, 86, 92, 93, 95, 96, 97, 98, 99, 100, 101, 109, 110, 111, 121, 131, 133, 137, 138, 139, 141, 144, 145, 148, 150, 151, 155, 157, 158, 159, 161, 165, 166, 169, 172, 180, 181, 183, 184, 186, 187, 188, 190, 199, 201, 204, 207, 208, 211, 212, 220, 221, 222, 229, 233, 235, 238, 239, 241, 244, 245, 247, 251, 254, 257, 258, 259, 261, 263, 267, 268, 274, 279, 280, 284, 285, 290
Selected features: 0, 2, 5, 6, 7, 10, 14, 15, 16, 17, 18, 19, 21, 25, 28, 31, 32, 33, 34, 36, 37, 45, 48, 51, 52, 53, 62, 64, 66, 67, 70, 72, 75, 76, 77, 78, 80, 84, 86, 90, 92, 96, 99, 101, 104, 106, 108, 115, 117, 118, 119, 121, 122, 123, 124, 129, 134, 135, 143, 144, 146, 148, 151, 152, 155, 158, 160, 162, 163, 164, 173, 175, 176, 177, 181, 183, 186, 188, 191, 196, 197, 198, 205, 206, 207, 208, 214, 216, 217, 218, 219, 223, 226, 229, 230, 231, 236, 238, 240, 241, 242, 244, 245, 247, 248, 251, 252, 254, 256, 259, 261, 262, 265, 267, 271, 275, 276, 280, 281, 282, 289, 291, 292, 293
--------------Average----------------
Ave Full Accuracy: 0.7202
Ave Standard PSO Selection Accuracy: 0.7104
Ave Super PSO Selection Accuracy: 0.7159
Ave time of Standard PSO: 64.4100
Ave time of Super PSO: 111.9800
Ave Standard PSO Feature Ratio: 0.37
Ave Super PSO Feature Ratio: 0.41
