--------------Fold 1----------------
Full feature f1 score micro: 0.7256
Fold selected f1 score micro: 0.7116
Time of PSO: 144.1900
Selection ratio: 0.38
Selected features: 7, 12, 16, 18, 19, 26, 27, 28, 30, 34, 36, 41, 45, 47, 48, 51, 52, 55, 56, 58, 62, 63, 66, 67, 68, 69, 74, 77, 79, 84, 85, 87, 90, 93, 94, 97, 99, 100, 101, 102, 103, 104, 106, 109, 111, 113, 115, 117, 118, 119, 120, 122, 125, 126, 128, 129, 131, 133, 134, 135, 136, 137, 139, 140, 141, 144, 145, 150, 152, 154, 157, 158, 166, 172, 174, 177, 178, 179, 181, 183, 187, 188, 189, 190, 195, 197, 199, 209, 210, 212, 215, 222, 230, 237, 244, 248, 260, 262, 264, 269, 270, 273, 276, 279, 283, 284, 285, 287, 288, 289, 290, 291, 292
--------------Fold 2----------------
Full feature f1 score micro: 0.7477
Fold selected f1 score micro: 0.6955
Time of PSO: 139.3100
Selection ratio: 0.38
Selected features: 1, 4, 6, 12, 17, 19, 26, 31, 32, 35, 37, 44, 45, 50, 55, 56, 57, 60, 64, 68, 69, 72, 76, 78, 79, 81, 82, 90, 91, 92, 93, 94, 95, 98, 99, 102, 103, 104, 105, 106, 107, 108, 109, 110, 113, 117, 125, 126, 131, 136, 137, 138, 141, 142, 143, 150, 152, 155, 157, 159, 160, 162, 163, 166, 167, 173, 175, 180, 181, 183, 184, 185, 187, 189, 192, 195, 199, 201, 202, 204, 205, 211, 212, 213, 218, 219, 221, 223, 227, 231, 237, 240, 244, 246, 247, 249, 252, 253, 254, 257, 262, 264, 266, 272, 277, 278, 279, 281, 285, 288, 290, 293
--------------Fold 3----------------
Full feature f1 score micro: 0.7150
Fold selected f1 score micro: 0.6646
Time of PSO: 138.1100
Selection ratio: 0.31
Selected features: 3, 4, 9, 14, 17, 26, 27, 30, 37, 42, 43, 50, 57, 60, 64, 65, 67, 73, 74, 77, 78, 80, 81, 82, 83, 86, 89, 94, 100, 101, 104, 106, 108, 113, 114, 122, 123, 126, 127, 128, 130, 133, 135, 139, 141, 145, 148, 154, 156, 161, 163, 164, 166, 168, 184, 187, 189, 190, 195, 199, 201, 202, 204, 205, 206, 207, 211, 223, 229, 235, 236, 240, 241, 246, 247, 250, 254, 255, 257, 262, 264, 266, 270, 272, 273, 274, 275, 277, 280, 281, 289, 292
--------------Fold 4----------------
Full feature f1 score micro: 0.6976
Fold selected f1 score micro: 0.6869
Time of PSO: 134.0000
Selection ratio: 0.31
Selected features: 1, 3, 4, 9, 12, 14, 20, 25, 27, 28, 30, 40, 42, 43, 54, 57, 61, 73, 74, 75, 77, 78, 81, 82, 83, 89, 90, 94, 95, 97, 100, 103, 104, 108, 114, 122, 123, 126, 127, 128, 130, 131, 133, 134, 139, 140, 145, 152, 153, 154, 164, 166, 168, 177, 181, 187, 189, 190, 195, 198, 201, 204, 205, 211, 216, 219, 223, 229, 230, 235, 240, 246, 247, 248, 254, 255, 257, 258, 262, 266, 270, 271, 272, 274, 277, 280, 281, 289, 291, 292
--------------Fold 5----------------
Full feature f1 score micro: 0.7356
Fold selected f1 score micro: 0.6901
Time of PSO: 138.1600
Selection ratio: 0.37
Selected features: 1, 6, 8, 16, 17, 25, 26, 29, 30, 31, 33, 41, 43, 44, 46, 47, 49, 52, 59, 60, 65, 67, 69, 71, 76, 78, 81, 83, 86, 92, 96, 98, 99, 101, 102, 103, 104, 106, 109, 111, 112, 113, 114, 121, 131, 135, 136, 137, 138, 139, 141, 145, 146, 148, 150, 151, 153, 155, 157, 161, 165, 166, 169, 175, 180, 181, 182, 183, 184, 186, 190, 199, 200, 201, 203, 204, 208, 209, 211, 212, 213, 215, 219, 220, 221, 222, 233, 235, 238, 245, 248, 251, 254, 257, 259, 260, 262, 268, 273, 274, 275, 276, 278, 279, 280, 281, 284, 286, 288, 290
--------------Average----------------
Ave Full Accuracy: 0.7243
Ave Selection Accuracy: 0.6897
Ave time of PSO: 138.7540
Ave Feature Ratio: 0.35
