--------------Fold 1----------------
Full feature f1 score micro: 0.2690
Fold selected standard PSO f1 score micro: 0.2285
Fold selected super PSO f1 score micro: 0.2435
Fold selected super simple PSO f1 score micro: 0.2299
Full feature f1 score macro: 0.1497
Fold selected standard PSO f1 score macro: 0.1065
Fold selected super PSO f1 score macro: 0.1217
Fold selected super simple PSO f1 score macro: 0.1122
Time of standard PSO: 1682.0500
Time of super PSO: 1705.9900
Time of super simple PSO: 254.8400
Selection standard PSO ratio: 0.41
Selection super PSO ratio: 0.32
Selection super simple PSO ratio: 0.36
Selected features standard PSO: 4, 12, 13, 14, 15, 17, 18, 20, 22, 25, 27, 30, 31, 32, 34, 35, 45, 47, 50, 51, 53, 55, 56, 61, 62, 63, 64, 72, 74, 78, 79, 80, 81, 86, 91, 92, 93, 94, 97, 100, 101, 102, 104, 109, 110, 111, 112, 114, 115, 118, 122, 123, 124, 127, 128, 131, 133, 135, 136, 138, 140, 142, 144, 145, 146, 147, 153, 154, 155, 156, 157, 159, 160, 161, 164, 167, 169, 170, 171, 177, 181, 185, 186, 187, 188, 191, 192, 193, 194, 196, 197, 202, 203, 209, 211, 212, 216, 217, 218, 219, 222, 225, 226, 227, 231, 242, 246, 248, 255, 256, 257, 261, 266, 267, 268, 270, 271, 272, 273, 277, 278, 279, 285, 288, 291, 292, 293, 303, 307, 308, 309, 312, 313, 315, 317, 319, 320, 321, 326, 327, 331, 332, 334, 338, 339, 340, 343, 345, 346, 349, 350, 352, 357, 358, 361, 362, 363, 364, 365, 368, 371, 372, 373, 375, 376, 377, 379, 380, 381, 385, 392, 393, 394, 395, 401, 406, 407, 408, 410, 413, 419, 420, 422, 426, 427, 436, 437, 438, 439, 442, 443, 448, 449, 450, 452, 453, 455, 457, 458, 462, 468, 469, 470, 471, 472, 473, 474, 479, 486, 487, 488, 489, 492, 494, 498, 499, 501, 504, 515, 517, 519, 521, 522, 523, 525, 526, 530, 532, 534, 539, 545, 547, 555, 559, 561, 564, 568, 570, 571, 572, 573, 578, 579, 581, 584, 591, 592, 593, 594, 596, 599, 603, 605, 608, 610, 615, 620, 621, 625, 627, 629, 630, 631, 638, 640, 641, 644, 646, 648, 652, 658, 659, 664, 666, 671, 672, 673, 674, 681, 684, 686, 687, 690, 691, 694, 695, 699, 700, 703, 708, 710, 712, 714, 715, 717, 718, 719, 721, 722, 724, 730, 731, 733, 736, 737, 738, 740, 741, 744, 746, 751, 753, 756, 758, 759, 760, 761, 762, 768, 770, 772, 773, 776, 778, 779, 781, 783, 785, 788, 789, 790, 791, 793, 795, 797, 799, 800, 802, 809, 810, 813, 814, 818, 819, 822, 824, 827, 830, 831, 832, 833, 834, 836, 841, 843, 844, 845, 846, 849, 851, 854, 855, 857, 860, 861, 863, 866, 875, 880, 881, 882, 883, 884, 898, 901, 904, 907, 908, 910, 911, 913, 914, 917, 918, 919, 922, 925, 926, 928, 929, 931, 932, 938, 939, 941, 943, 946, 947, 953, 955, 960, 963, 965, 966, 967, 972, 974, 975, 976, 978, 981, 983, 988, 989, 992, 994, 996, 998, 999, 1002, 1003, 1004, 1005, 1008, 1009, 1011, 1012, 1014, 1015, 1019, 1020, 1024, 1029, 1035, 1036, 1037, 1039, 1042, 1045, 1046, 1047, 1052, 1056, 1061, 1064, 1067, 1070, 1078, 1081, 1082, 1083, 1085, 1086, 1087, 1089, 1090, 1091, 1098, 1099, 1101, 1103, 1104, 1107, 1109, 1110, 1115, 1118, 1120, 1121, 1125, 1128, 1135, 1136, 1139, 1140, 1145, 1148, 1149, 1150, 1151, 1156, 1157, 1158, 1162, 1166, 1167, 1168, 1169, 1170, 1172, 1173, 1179, 1180, 1184, 1186, 1188, 1190, 1192, 1193, 1198, 1204, 1205, 1209, 1211, 1212, 1213, 1217, 1218, 1222, 1225, 1227, 1228, 1229, 1231, 1234, 1235, 1236, 1237, 1238, 1240, 1243, 1248, 1250, 1251, 1253, 1256, 1257, 1260, 1261, 1266, 1268, 1271, 1273, 1277, 1279, 1281, 1284, 1287, 1288, 1289, 1290, 1291, 1292, 1294, 1295, 1296, 1298, 1301, 1302, 1303, 1304, 1305, 1308, 1310, 1311, 1312, 1313, 1315, 1316, 1321, 1323, 1324, 1327, 1329, 1332, 1336, 1341, 1345, 1348, 1349, 1351, 1355, 1357, 1358, 1359, 1360, 1363, 1365, 1366, 1367, 1369, 1370, 1372, 1375, 1376, 1378, 1381, 1385, 1388, 1391, 1392, 1394, 1395, 1400, 1402, 1403, 1405, 1406, 1412, 1413, 1414, 1415, 1423, 1424, 1434, 1436, 1438, 1440, 1441, 1443, 1444, 1446, 1451, 1454, 1458, 1467, 1470, 1471, 1474, 1475, 1476, 1481, 1484, 1485, 1486, 1487, 1488, 1489, 1490, 1497, 1498, 1504, 1507, 1508, 1510, 1512, 1514, 1515, 1516, 1518, 1523, 1526, 1530, 1531, 1532, 1535, 1537, 1539, 1540, 1542, 1543, 1544, 1547, 1551, 1552, 1556, 1561, 1563, 1569, 1578, 1579, 1585, 1587, 1592, 1595, 1597, 1598, 1599, 1602, 1603, 1606, 1608, 1609, 1612, 1617, 1618, 1620, 1623, 1627, 1631, 1632, 1634, 1637, 1639, 1642, 1643, 1646, 1652, 1658, 1663, 1671, 1677, 1685, 1691, 1692, 1694, 1696, 1698, 1699, 1703, 1706, 1708, 1709, 1716, 1717, 1719, 1720, 1722, 1725, 1726, 1727, 1728, 1732, 1733, 1734, 1735, 1741, 1742, 1743, 1744, 1745, 1750, 1752, 1754, 1755, 1761, 1765, 1767, 1769, 1771, 1775, 1776, 1778, 1779, 1780, 1783, 1786, 1788, 1789, 1791, 1794, 1800, 1802, 1806, 1810, 1813, 1815, 1816, 1817, 1820, 1822, 1823, 1825, 1826, 1830, 1832, 1833, 1835
Selected features super PSO: 0, 6, 7, 12, 15, 18, 23, 33, 39, 43, 49, 54, 55, 58, 59, 62, 63, 64, 72, 77, 78, 79, 84, 87, 90, 91, 94, 95, 96, 99, 100, 104, 105, 106, 107, 110, 111, 113, 115, 123, 124, 126, 128, 135, 137, 138, 139, 142, 145, 146, 149, 152, 170, 172, 177, 179, 181, 183, 186, 190, 193, 196, 201, 205, 206, 210, 211, 222, 224, 232, 236, 238, 241, 246, 249, 251, 252, 253, 263, 265, 269, 271, 273, 274, 275, 278, 279, 281, 284, 290, 291, 292, 294, 296, 297, 300, 303, 307, 315, 317, 322, 324, 327, 337, 339, 350, 351, 352, 357, 361, 365, 368, 369, 372, 373, 375, 378, 383, 384, 385, 386, 387, 389, 390, 398, 399, 404, 405, 406, 410, 412, 414, 418, 423, 426, 432, 434, 435, 437, 447, 449, 450, 452, 456, 457, 460, 462, 463, 464, 465, 466, 475, 476, 478, 481, 482, 486, 488, 492, 495, 497, 498, 499, 501, 502, 503, 505, 506, 508, 510, 511, 512, 515, 521, 522, 524, 526, 527, 528, 529, 534, 539, 541, 544, 545, 551, 552, 553, 563, 569, 570, 571, 572, 573, 574, 580, 582, 583, 585, 586, 591, 596, 598, 605, 608, 622, 624, 625, 631, 632, 634, 637, 640, 643, 644, 646, 647, 657, 673, 674, 675, 679, 680, 681, 682, 693, 695, 698, 701, 704, 710, 717, 720, 721, 723, 725, 726, 727, 729, 733, 736, 738, 739, 741, 744, 749, 751, 761, 765, 768, 769, 770, 775, 780, 781, 786, 793, 802, 806, 810, 811, 814, 816, 819, 829, 831, 832, 836, 837, 838, 841, 842, 844, 846, 847, 848, 854, 860, 866, 868, 870, 871, 873, 879, 880, 881, 882, 883, 887, 888, 894, 899, 907, 914, 919, 922, 925, 927, 930, 935, 939, 946, 949, 951, 952, 954, 956, 958, 961, 963, 966, 969, 974, 975, 976, 978, 982, 984, 986, 987, 988, 995, 997, 1005, 1011, 1014, 1019, 1020, 1021, 1030, 1035, 1045, 1047, 1053, 1056, 1058, 1061, 1062, 1065, 1070, 1073, 1074, 1081, 1083, 1085, 1086, 1088, 1092, 1096, 1103, 1108, 1110, 1114, 1116, 1118, 1119, 1121, 1127, 1136, 1138, 1141, 1146, 1155, 1162, 1164, 1165, 1167, 1170, 1173, 1177, 1180, 1181, 1184, 1185, 1190, 1191, 1193, 1195, 1196, 1204, 1206, 1209, 1210, 1211, 1212, 1213, 1216, 1221, 1225, 1228, 1230, 1231, 1235, 1236, 1240, 1241, 1243, 1245, 1251, 1252, 1255, 1259, 1260, 1266, 1270, 1271, 1275, 1276, 1277, 1280, 1284, 1290, 1293, 1294, 1295, 1296, 1298, 1300, 1301, 1306, 1307, 1309, 1312, 1314, 1315, 1322, 1327, 1328, 1332, 1333, 1335, 1336, 1344, 1349, 1358, 1360, 1365, 1371, 1372, 1376, 1390, 1398, 1399, 1400, 1401, 1405, 1406, 1409, 1417, 1418, 1421, 1423, 1426, 1427, 1430, 1435, 1436, 1438, 1442, 1444, 1452, 1455, 1456, 1460, 1466, 1469, 1471, 1472, 1486, 1487, 1494, 1496, 1498, 1503, 1505, 1506, 1519, 1522, 1524, 1525, 1526, 1527, 1528, 1533, 1535, 1536, 1538, 1540, 1542, 1551, 1553, 1559, 1562, 1564, 1569, 1570, 1571, 1576, 1577, 1588, 1589, 1590, 1591, 1592, 1594, 1597, 1606, 1607, 1608, 1611, 1613, 1615, 1617, 1618, 1619, 1620, 1621, 1626, 1630, 1631, 1634, 1638, 1639, 1641, 1642, 1645, 1648, 1649, 1652, 1653, 1659, 1662, 1667, 1669, 1674, 1675, 1681, 1684, 1686, 1688, 1689, 1693, 1695, 1696, 1699, 1703, 1704, 1714, 1725, 1729, 1731, 1732, 1739, 1745, 1748, 1749, 1750, 1751, 1755, 1759, 1760, 1761, 1762, 1763, 1764, 1766, 1767, 1768, 1772, 1773, 1775, 1778, 1779, 1784, 1785, 1786, 1790, 1792, 1793, 1800, 1809, 1810, 1811, 1812, 1816, 1817, 1826
Selected features super simple PSO: 1, 4, 5, 10, 11, 13, 14, 15, 19, 24, 25, 27, 34, 38, 39, 41, 42, 44, 45, 46, 47, 48, 51, 52, 55, 56, 61, 63, 64, 66, 67, 68, 73, 77, 78, 81, 85, 86, 90, 93, 95, 99, 100, 102, 115, 118, 120, 122, 124, 127, 129, 130, 132, 134, 136, 142, 155, 156, 168, 171, 173, 174, 179, 181, 188, 191, 193, 196, 197, 198, 200, 201, 203, 207, 212, 213, 221, 223, 225, 226, 227, 230, 234, 235, 237, 238, 239, 241, 242, 244, 246, 248, 250, 257, 259, 261, 262, 263, 265, 266, 270, 272, 273, 275, 278, 279, 280, 283, 285, 288, 293, 301, 304, 305, 308, 313, 314, 316, 318, 319, 321, 326, 327, 338, 339, 341, 346, 347, 349, 351, 352, 355, 358, 359, 360, 362, 363, 364, 367, 369, 370, 380, 386, 387, 388, 389, 391, 401, 405, 408, 413, 417, 418, 423, 424, 425, 426, 429, 432, 435, 436, 443, 446, 447, 448, 454, 458, 459, 464, 465, 471, 474, 475, 477, 482, 484, 486, 488, 489, 490, 494, 500, 501, 502, 503, 505, 510, 515, 516, 517, 520, 521, 523, 526, 532, 533, 534, 536, 537, 539, 548, 550, 557, 558, 564, 566, 571, 572, 573, 575, 576, 578, 583, 584, 585, 589, 594, 602, 604, 610, 630, 632, 633, 635, 639, 641, 642, 645, 647, 648, 650, 654, 655, 660, 663, 667, 668, 669, 673, 674, 676, 677, 679, 682, 686, 691, 693, 704, 707, 710, 712, 724, 729, 730, 733, 735, 737, 741, 743, 744, 748, 749, 753, 759, 760, 763, 765, 769, 772, 773, 774, 775, 779, 780, 784, 787, 800, 804, 806, 809, 810, 814, 815, 817, 819, 823, 824, 826, 829, 837, 842, 843, 846, 848, 852, 853, 854, 856, 860, 863, 866, 867, 868, 874, 875, 878, 880, 888, 891, 892, 893, 896, 898, 899, 901, 902, 906, 907, 908, 910, 911, 913, 915, 918, 920, 923, 924, 926, 927, 929, 930, 935, 937, 940, 944, 945, 946, 948, 950, 951, 952, 953, 955, 958, 963, 967, 968, 970, 972, 974, 978, 981, 982, 983, 985, 987, 988, 989, 993, 999, 1000, 1004, 1008, 1009, 1011, 1012, 1013, 1015, 1022, 1023, 1028, 1029, 1030, 1033, 1036, 1039, 1043, 1045, 1046, 1047, 1049, 1055, 1057, 1058, 1061, 1062, 1063, 1064, 1065, 1067, 1069, 1071, 1077, 1082, 1083, 1085, 1089, 1091, 1095, 1098, 1103, 1106, 1108, 1111, 1113, 1114, 1115, 1119, 1121, 1126, 1134, 1137, 1139, 1140, 1142, 1148, 1149, 1150, 1152, 1154, 1156, 1163, 1165, 1167, 1168, 1169, 1170, 1172, 1175, 1176, 1180, 1181, 1183, 1189, 1199, 1200, 1201, 1202, 1203, 1206, 1209, 1218, 1221, 1226, 1228, 1230, 1236, 1238, 1240, 1241, 1243, 1244, 1247, 1248, 1250, 1252, 1254, 1262, 1267, 1268, 1269, 1271, 1274, 1277, 1284, 1285, 1286, 1289, 1294, 1297, 1300, 1301, 1302, 1306, 1311, 1318, 1325, 1327, 1329, 1337, 1338, 1342, 1344, 1345, 1348, 1350, 1352, 1358, 1359, 1361, 1365, 1367, 1368, 1370, 1371, 1375, 1376, 1380, 1383, 1384, 1386, 1387, 1388, 1390, 1396, 1397, 1399, 1402, 1407, 1410, 1411, 1412, 1416, 1418, 1419, 1421, 1429, 1430, 1431, 1438, 1439, 1442, 1444, 1445, 1452, 1454, 1458, 1460, 1469, 1474, 1475, 1482, 1483, 1484, 1486, 1490, 1494, 1499, 1501, 1503, 1504, 1505, 1507, 1513, 1514, 1515, 1517, 1520, 1522, 1526, 1527, 1528, 1529, 1531, 1534, 1536, 1537, 1543, 1544, 1547, 1549, 1550, 1552, 1555, 1558, 1562, 1565, 1567, 1569, 1573, 1574, 1578, 1584, 1585, 1586, 1587, 1596, 1597, 1598, 1603, 1607, 1608, 1611, 1613, 1619, 1620, 1621, 1622, 1625, 1627, 1632, 1633, 1637, 1640, 1642, 1648, 1650, 1653, 1655, 1658, 1660, 1661, 1662, 1665, 1666, 1668, 1671, 1673, 1674, 1680, 1681, 1682, 1685, 1686, 1688, 1695, 1696, 1697, 1699, 1710, 1715, 1716, 1718, 1719, 1720, 1721, 1722, 1723, 1727, 1731, 1733, 1737, 1739, 1741, 1745, 1747, 1753, 1754, 1756, 1762, 1765, 1771, 1773, 1775, 1784, 1786, 1788, 1789, 1793, 1795, 1796, 1801, 1802, 1803, 1807, 1810, 1811, 1813, 1815, 1816, 1817, 1818, 1821, 1822, 1823, 1826, 1833, 1834
--------------Fold 2----------------
Full feature f1 score micro: 0.2710
Fold selected standard PSO f1 score micro: 0.2371
Fold selected super PSO f1 score micro: 0.2268
Fold selected super simple PSO f1 score micro: 0.2356
Full feature f1 score macro: 0.1548
Fold selected standard PSO f1 score macro: 0.1309
Fold selected super PSO f1 score macro: 0.1107
Fold selected super simple PSO f1 score macro: 0.1108
Time of standard PSO: 1725.8900
Time of super PSO: 1737.5200
Time of super simple PSO: 257.6000
Selection standard PSO ratio: 0.43
Selection super PSO ratio: 0.38
Selection super simple PSO ratio: 0.35
Selected features standard PSO: 1, 2, 4, 6, 9, 12, 16, 17, 18, 20, 22, 23, 27, 28, 29, 38, 39, 43, 44, 46, 52, 53, 55, 58, 61, 67, 69, 73, 79, 81, 82, 83, 84, 90, 92, 93, 95, 97, 100, 102, 105, 109, 116, 117, 118, 119, 121, 122, 124, 125, 127, 128, 129, 130, 132, 133, 136, 139, 140, 143, 144, 146, 147, 148, 152, 153, 155, 162, 164, 165, 166, 167, 168, 169, 175, 178, 180, 182, 184, 191, 192, 193, 200, 201, 202, 203, 204, 206, 207, 209, 211, 212, 216, 217, 220, 222, 223, 225, 233, 236, 239, 241, 243, 244, 247, 251, 255, 258, 261, 262, 265, 266, 268, 273, 274, 276, 277, 281, 282, 283, 284, 286, 289, 290, 291, 293, 294, 298, 301, 305, 308, 311, 312, 315, 317, 319, 327, 330, 331, 332, 333, 334, 335, 337, 338, 339, 345, 347, 348, 349, 350, 352, 353, 354, 356, 358, 359, 368, 369, 371, 372, 376, 377, 378, 380, 381, 385, 387, 388, 389, 391, 395, 396, 398, 400, 401, 408, 411, 413, 418, 420, 421, 422, 423, 428, 431, 432, 434, 439, 440, 442, 446, 448, 452, 454, 459, 463, 464, 471, 473, 476, 483, 484, 485, 488, 490, 495, 496, 497, 501, 502, 503, 504, 507, 508, 509, 510, 511, 520, 521, 524, 526, 528, 530, 531, 534, 536, 546, 547, 548, 549, 552, 559, 563, 565, 575, 577, 579, 581, 583, 584, 586, 592, 593, 594, 598, 599, 600, 601, 608, 610, 612, 614, 617, 618, 621, 624, 627, 628, 629, 631, 633, 634, 637, 638, 640, 641, 642, 643, 645, 652, 655, 657, 658, 659, 660, 661, 663, 666, 667, 669, 671, 673, 674, 675, 678, 683, 689, 691, 692, 693, 694, 696, 698, 699, 700, 701, 703, 704, 706, 707, 708, 709, 710, 712, 713, 718, 719, 724, 725, 728, 731, 732, 735, 736, 739, 740, 741, 746, 753, 754, 760, 761, 766, 769, 774, 775, 776, 779, 783, 784, 787, 788, 789, 791, 793, 794, 796, 799, 802, 803, 804, 806, 807, 815, 816, 820, 821, 823, 824, 826, 829, 832, 833, 837, 838, 840, 841, 844, 847, 849, 851, 852, 858, 859, 865, 867, 868, 870, 871, 875, 876, 878, 880, 881, 882, 887, 888, 889, 891, 893, 895, 896, 898, 900, 901, 911, 917, 920, 924, 925, 926, 929, 931, 936, 939, 941, 944, 945, 946, 947, 951, 952, 953, 960, 963, 968, 970, 971, 972, 974, 976, 978, 979, 981, 982, 984, 985, 986, 987, 989, 990, 991, 992, 994, 997, 998, 1011, 1012, 1013, 1015, 1016, 1017, 1018, 1023, 1025, 1026, 1032, 1036, 1038, 1040, 1044, 1048, 1049, 1050, 1051, 1052, 1054, 1055, 1056, 1057, 1058, 1061, 1062, 1063, 1065, 1069, 1075, 1076, 1080, 1081, 1085, 1086, 1095, 1096, 1099, 1100, 1101, 1102, 1103, 1104, 1109, 1112, 1114, 1115, 1117, 1127, 1128, 1130, 1132, 1135, 1139, 1140, 1142, 1143, 1146, 1147, 1148, 1151, 1152, 1154, 1156, 1161, 1162, 1167, 1170, 1174, 1175, 1177, 1178, 1179, 1182, 1186, 1187, 1190, 1191, 1192, 1195, 1196, 1197, 1198, 1199, 1203, 1206, 1208, 1209, 1211, 1212, 1215, 1218, 1225, 1230, 1232, 1234, 1235, 1239, 1242, 1244, 1245, 1250, 1251, 1253, 1271, 1275, 1281, 1282, 1284, 1285, 1288, 1289, 1291, 1293, 1295, 1296, 1297, 1299, 1303, 1308, 1310, 1312, 1313, 1314, 1315, 1316, 1319, 1320, 1321, 1325, 1326, 1327, 1333, 1335, 1339, 1340, 1342, 1348, 1349, 1350, 1355, 1356, 1358, 1360, 1362, 1367, 1370, 1372, 1374, 1376, 1377, 1378, 1382, 1384, 1387, 1393, 1396, 1398, 1399, 1400, 1402, 1403, 1407, 1408, 1410, 1411, 1413, 1414, 1416, 1419, 1422, 1423, 1426, 1431, 1433, 1436, 1441, 1443, 1444, 1447, 1448, 1449, 1450, 1456, 1457, 1458, 1462, 1464, 1466, 1467, 1472, 1474, 1475, 1476, 1478, 1479, 1481, 1482, 1485, 1486, 1489, 1490, 1491, 1495, 1499, 1500, 1501, 1502, 1506, 1507, 1508, 1509, 1511, 1512, 1518, 1520, 1531, 1535, 1536, 1538, 1541, 1545, 1551, 1557, 1564, 1565, 1570, 1571, 1572, 1574, 1575, 1577, 1578, 1581, 1583, 1584, 1586, 1587, 1590, 1591, 1595, 1597, 1598, 1604, 1605, 1609, 1610, 1612, 1613, 1614, 1616, 1619, 1620, 1621, 1622, 1624, 1627, 1628, 1631, 1632, 1633, 1634, 1636, 1638, 1640, 1642, 1643, 1645, 1646, 1647, 1649, 1650, 1654, 1655, 1656, 1658, 1659, 1661, 1662, 1665, 1670, 1672, 1675, 1678, 1680, 1683, 1685, 1686, 1687, 1690, 1694, 1695, 1699, 1700, 1702, 1703, 1707, 1708, 1709, 1710, 1714, 1719, 1722, 1724, 1725, 1729, 1730, 1732, 1733, 1734, 1736, 1737, 1738, 1740, 1744, 1750, 1751, 1755, 1756, 1759, 1764, 1765, 1768, 1769, 1770, 1771, 1772, 1774, 1775, 1783, 1784, 1785, 1786, 1790, 1791, 1792, 1793, 1795, 1799, 1800, 1803, 1804, 1805, 1808, 1809, 1815, 1816, 1817, 1818, 1823, 1826, 1828, 1829, 1833
Selected features super PSO: 1, 2, 3, 4, 11, 14, 15, 16, 17, 18, 21, 25, 27, 28, 29, 30, 35, 36, 41, 47, 49, 55, 57, 58, 60, 62, 64, 66, 67, 68, 72, 76, 80, 85, 86, 89, 90, 95, 96, 99, 100, 101, 103, 107, 111, 114, 116, 117, 119, 123, 124, 125, 128, 130, 133, 135, 136, 139, 140, 141, 142, 146, 149, 150, 151, 152, 154, 155, 159, 160, 161, 162, 164, 168, 171, 172, 174, 182, 183, 184, 186, 189, 190, 191, 195, 196, 199, 200, 201, 204, 206, 208, 211, 212, 217, 218, 219, 224, 230, 231, 235, 241, 243, 246, 248, 249, 251, 252, 254, 256, 257, 263, 265, 266, 270, 272, 273, 279, 280, 282, 284, 287, 288, 290, 292, 294, 303, 305, 306, 307, 309, 312, 313, 315, 316, 322, 323, 326, 330, 332, 333, 335, 337, 338, 352, 354, 355, 356, 357, 360, 366, 368, 369, 370, 377, 380, 387, 388, 389, 390, 391, 393, 394, 395, 397, 405, 407, 415, 416, 419, 421, 425, 437, 438, 439, 442, 443, 444, 446, 447, 449, 450, 461, 466, 467, 468, 469, 470, 473, 480, 488, 495, 498, 499, 500, 502, 503, 507, 515, 517, 518, 520, 521, 522, 524, 526, 538, 542, 543, 548, 549, 551, 552, 555, 556, 558, 559, 560, 565, 569, 570, 571, 578, 579, 581, 585, 587, 588, 589, 592, 593, 594, 595, 596, 599, 600, 603, 604, 605, 609, 610, 615, 619, 623, 627, 631, 632, 635, 636, 638, 639, 641, 645, 646, 647, 654, 655, 656, 660, 663, 668, 669, 671, 672, 673, 674, 679, 684, 685, 686, 688, 690, 691, 694, 705, 707, 708, 713, 715, 720, 722, 727, 728, 729, 731, 738, 740, 741, 744, 746, 753, 760, 764, 769, 770, 774, 775, 776, 781, 790, 793, 795, 797, 799, 800, 801, 804, 805, 806, 807, 809, 810, 813, 816, 818, 819, 823, 824, 825, 828, 831, 832, 834, 842, 845, 848, 849, 853, 854, 856, 860, 861, 862, 863, 864, 866, 869, 873, 876, 877, 880, 881, 882, 883, 884, 887, 890, 891, 892, 893, 894, 899, 902, 904, 916, 917, 918, 919, 920, 924, 927, 928, 930, 934, 938, 942, 943, 944, 951, 954, 956, 957, 958, 959, 961, 964, 970, 974, 975, 976, 979, 983, 984, 985, 989, 990, 991, 992, 993, 997, 1006, 1008, 1010, 1012, 1013, 1016, 1017, 1018, 1021, 1022, 1023, 1026, 1027, 1030, 1031, 1034, 1038, 1039, 1041, 1043, 1044, 1047, 1048, 1053, 1056, 1057, 1058, 1065, 1067, 1068, 1073, 1074, 1080, 1084, 1086, 1088, 1090, 1092, 1093, 1094, 1095, 1099, 1100, 1101, 1107, 1108, 1113, 1118, 1119, 1120, 1122, 1123, 1124, 1126, 1128, 1130, 1131, 1135, 1137, 1138, 1140, 1145, 1148, 1151, 1152, 1161, 1167, 1168, 1169, 1170, 1171, 1173, 1176, 1177, 1181, 1184, 1190, 1192, 1194, 1196, 1197, 1199, 1212, 1214, 1215, 1217, 1219, 1231, 1235, 1237, 1241, 1244, 1246, 1247, 1250, 1251, 1252, 1255, 1263, 1269, 1271, 1272, 1274, 1276, 1277, 1281, 1284, 1285, 1289, 1292, 1296, 1299, 1300, 1302, 1309, 1310, 1311, 1319, 1320, 1321, 1323, 1324, 1326, 1329, 1330, 1331, 1335, 1341, 1349, 1350, 1351, 1353, 1356, 1358, 1359, 1360, 1362, 1364, 1365, 1366, 1367, 1369, 1372, 1381, 1382, 1387, 1388, 1393, 1396, 1399, 1401, 1404, 1408, 1409, 1411, 1413, 1415, 1420, 1421, 1423, 1424, 1425, 1426, 1429, 1436, 1439, 1443, 1444, 1447, 1449, 1451, 1453, 1459, 1460, 1461, 1463, 1464, 1465, 1466, 1468, 1469, 1470, 1471, 1472, 1484, 1485, 1488, 1494, 1495, 1500, 1504, 1508, 1510, 1511, 1518, 1519, 1524, 1526, 1527, 1530, 1531, 1533, 1535, 1538, 1541, 1543, 1548, 1551, 1554, 1559, 1561, 1563, 1568, 1569, 1570, 1574, 1575, 1578, 1579, 1582, 1585, 1588, 1591, 1592, 1593, 1594, 1595, 1603, 1606, 1612, 1614, 1617, 1619, 1621, 1625, 1626, 1629, 1631, 1635, 1637, 1639, 1641, 1642, 1645, 1647, 1649, 1650, 1651, 1653, 1654, 1656, 1657, 1658, 1659, 1661, 1664, 1671, 1673, 1674, 1676, 1680, 1681, 1682, 1687, 1689, 1690, 1694, 1695, 1697, 1701, 1702, 1704, 1709, 1716, 1718, 1719, 1721, 1727, 1734, 1735, 1739, 1745, 1755, 1759, 1763, 1769, 1770, 1771, 1775, 1778, 1781, 1786, 1788, 1791, 1792, 1799, 1803, 1805, 1808, 1809, 1813, 1814, 1815, 1818, 1820, 1822, 1823, 1824, 1826, 1827, 1830, 1831, 1832, 1833, 1834, 1835
Selected features super simple PSO: 0, 1, 3, 4, 6, 8, 9, 10, 11, 19, 20, 23, 24, 25, 27, 28, 33, 36, 40, 41, 44, 47, 48, 50, 51, 53, 58, 59, 60, 67, 68, 70, 73, 76, 77, 82, 83, 90, 91, 92, 94, 101, 102, 114, 115, 116, 121, 124, 125, 126, 127, 129, 130, 136, 141, 145, 148, 151, 155, 157, 158, 159, 160, 162, 164, 167, 168, 170, 173, 176, 177, 183, 187, 189, 190, 191, 194, 195, 202, 206, 207, 209, 210, 211, 213, 220, 223, 225, 231, 235, 241, 242, 243, 244, 255, 256, 257, 263, 264, 265, 270, 273, 276, 278, 280, 282, 283, 284, 285, 286, 287, 289, 294, 296, 301, 304, 307, 311, 331, 333, 337, 340, 342, 350, 351, 354, 367, 368, 370, 372, 373, 374, 378, 382, 384, 386, 388, 390, 391, 395, 398, 400, 401, 404, 410, 420, 427, 429, 431, 433, 436, 438, 440, 441, 442, 449, 451, 454, 456, 457, 458, 460, 466, 467, 472, 473, 475, 482, 490, 492, 494, 496, 499, 502, 503, 504, 505, 509, 510, 512, 513, 515, 517, 518, 519, 522, 525, 526, 527, 532, 538, 541, 544, 548, 550, 553, 554, 556, 558, 560, 561, 565, 568, 569, 572, 576, 580, 582, 587, 588, 592, 597, 598, 600, 601, 604, 606, 612, 613, 615, 617, 626, 630, 641, 643, 645, 648, 649, 651, 652, 657, 660, 662, 664, 667, 670, 673, 675, 682, 687, 693, 696, 698, 700, 701, 704, 707, 708, 709, 712, 715, 717, 721, 723, 724, 727, 730, 731, 732, 734, 737, 738, 740, 747, 748, 750, 751, 752, 754, 757, 759, 761, 765, 766, 767, 768, 773, 777, 783, 785, 786, 788, 792, 793, 795, 797, 801, 803, 808, 812, 813, 818, 821, 824, 827, 829, 830, 833, 835, 845, 849, 855, 863, 864, 865, 867, 871, 872, 873, 878, 889, 895, 898, 901, 903, 905, 909, 910, 911, 912, 919, 921, 924, 925, 934, 935, 938, 940, 941, 949, 950, 954, 958, 962, 963, 966, 972, 974, 976, 981, 985, 988, 989, 994, 997, 1000, 1001, 1003, 1005, 1006, 1007, 1008, 1013, 1014, 1018, 1019, 1021, 1023, 1024, 1025, 1026, 1035, 1039, 1046, 1047, 1048, 1051, 1056, 1059, 1062, 1064, 1067, 1068, 1069, 1070, 1074, 1075, 1076, 1078, 1080, 1087, 1089, 1094, 1095, 1100, 1107, 1108, 1114, 1121, 1122, 1123, 1126, 1127, 1131, 1134, 1136, 1138, 1143, 1144, 1150, 1153, 1155, 1158, 1162, 1170, 1173, 1179, 1180, 1181, 1182, 1185, 1188, 1190, 1193, 1194, 1195, 1203, 1204, 1205, 1207, 1208, 1212, 1213, 1218, 1219, 1220, 1222, 1229, 1234, 1237, 1241, 1242, 1243, 1244, 1248, 1250, 1256, 1258, 1259, 1260, 1263, 1266, 1269, 1273, 1275, 1279, 1284, 1285, 1287, 1292, 1296, 1298, 1299, 1301, 1303, 1304, 1307, 1311, 1314, 1317, 1318, 1324, 1325, 1332, 1333, 1336, 1338, 1339, 1342, 1345, 1346, 1349, 1350, 1354, 1356, 1359, 1360, 1365, 1374, 1376, 1381, 1382, 1384, 1385, 1387, 1388, 1393, 1394, 1400, 1402, 1404, 1405, 1412, 1415, 1416, 1423, 1424, 1438, 1441, 1448, 1449, 1451, 1452, 1455, 1460, 1463, 1464, 1467, 1469, 1470, 1474, 1488, 1490, 1492, 1497, 1505, 1509, 1514, 1515, 1519, 1520, 1527, 1529, 1532, 1534, 1535, 1541, 1542, 1545, 1546, 1548, 1550, 1553, 1557, 1563, 1567, 1568, 1573, 1575, 1576, 1579, 1580, 1584, 1586, 1590, 1592, 1594, 1596, 1597, 1598, 1600, 1601, 1604, 1607, 1608, 1610, 1611, 1619, 1620, 1624, 1626, 1629, 1633, 1638, 1640, 1643, 1644, 1647, 1648, 1652, 1653, 1662, 1666, 1667, 1669, 1670, 1671, 1672, 1673, 1674, 1683, 1685, 1689, 1692, 1695, 1696, 1697, 1701, 1704, 1707, 1709, 1710, 1712, 1713, 1717, 1721, 1727, 1730, 1731, 1732, 1735, 1736, 1737, 1740, 1743, 1748, 1752, 1754, 1755, 1761, 1765, 1769, 1770, 1772, 1773, 1774, 1780, 1781, 1782, 1783, 1784, 1785, 1786, 1787, 1788, 1795, 1799, 1800, 1802, 1803, 1805, 1813, 1815, 1816, 1817, 1818, 1821, 1822, 1835
--------------Fold 3----------------
Full feature f1 score micro: 0.2593
Fold selected standard PSO f1 score micro: 0.2358
Fold selected super PSO f1 score micro: 0.2499
Fold selected super simple PSO f1 score micro: 0.2410
Full feature f1 score macro: 0.1463
Fold selected standard PSO f1 score macro: 0.1225
Fold selected super PSO f1 score macro: 0.1280
Fold selected super simple PSO f1 score macro: 0.1201
Time of standard PSO: 1713.7600
Time of super PSO: 1710.1800
Time of super simple PSO: 263.1000
Selection standard PSO ratio: 0.39
Selection super PSO ratio: 0.37
Selection super simple PSO ratio: 0.45
Selected features standard PSO: 0, 1, 2, 3, 5, 8, 9, 11, 15, 18, 21, 22, 23, 24, 25, 30, 34, 41, 42, 45, 46, 48, 53, 56, 58, 69, 71, 72, 73, 77, 79, 84, 87, 92, 94, 95, 96, 97, 102, 106, 108, 109, 112, 114, 117, 119, 120, 122, 126, 129, 131, 132, 133, 136, 140, 141, 148, 149, 152, 156, 158, 160, 161, 162, 163, 165, 166, 174, 175, 176, 179, 183, 186, 187, 189, 190, 191, 193, 197, 199, 200, 204, 207, 209, 210, 212, 214, 215, 217, 219, 221, 222, 223, 226, 227, 230, 232, 233, 237, 240, 242, 245, 249, 254, 255, 256, 258, 259, 260, 262, 264, 265, 271, 276, 277, 281, 285, 289, 295, 298, 302, 308, 313, 317, 319, 326, 332, 333, 334, 336, 337, 340, 341, 344, 345, 354, 357, 359, 361, 364, 366, 370, 374, 375, 380, 385, 387, 389, 391, 393, 396, 397, 401, 404, 408, 409, 418, 422, 424, 426, 428, 431, 435, 436, 438, 439, 440, 442, 451, 452, 455, 457, 458, 460, 461, 463, 464, 471, 472, 475, 481, 485, 488, 496, 499, 505, 506, 507, 510, 511, 512, 515, 517, 519, 528, 529, 530, 537, 544, 546, 547, 549, 552, 554, 557, 558, 560, 565, 567, 568, 571, 572, 574, 578, 584, 594, 597, 604, 606, 614, 617, 619, 620, 624, 627, 628, 629, 631, 634, 641, 643, 648, 649, 650, 651, 654, 655, 656, 659, 660, 664, 665, 670, 671, 672, 673, 674, 677, 678, 680, 682, 683, 686, 692, 695, 697, 706, 707, 709, 715, 719, 727, 728, 729, 732, 734, 736, 738, 739, 741, 744, 747, 753, 757, 760, 761, 764, 765, 766, 769, 770, 776, 780, 781, 782, 786, 787, 789, 792, 793, 795, 796, 799, 801, 803, 805, 806, 814, 817, 818, 819, 821, 824, 827, 829, 830, 834, 835, 836, 840, 842, 844, 845, 846, 847, 849, 853, 854, 864, 866, 867, 868, 870, 877, 878, 888, 890, 892, 893, 895, 898, 899, 902, 905, 906, 908, 911, 912, 913, 914, 915, 927, 928, 931, 933, 934, 937, 940, 942, 943, 945, 948, 949, 950, 951, 953, 954, 967, 969, 974, 979, 981, 982, 984, 985, 986, 989, 991, 996, 997, 999, 1001, 1005, 1008, 1009, 1010, 1012, 1014, 1015, 1017, 1018, 1019, 1021, 1022, 1025, 1029, 1030, 1035, 1036, 1039, 1041, 1043, 1044, 1046, 1048, 1051, 1052, 1055, 1056, 1058, 1060, 1063, 1064, 1065, 1068, 1073, 1074, 1079, 1083, 1084, 1086, 1087, 1088, 1095, 1096, 1097, 1098, 1101, 1109, 1110, 1111, 1114, 1118, 1120, 1121, 1122, 1123, 1128, 1129, 1130, 1133, 1137, 1139, 1140, 1141, 1142, 1144, 1145, 1146, 1147, 1148, 1149, 1151, 1160, 1162, 1163, 1165, 1167, 1169, 1174, 1178, 1179, 1180, 1185, 1186, 1191, 1192, 1195, 1197, 1206, 1211, 1215, 1217, 1220, 1222, 1224, 1228, 1233, 1235, 1238, 1239, 1243, 1244, 1248, 1249, 1253, 1254, 1255, 1256, 1259, 1260, 1261, 1262, 1263, 1266, 1272, 1276, 1280, 1285, 1286, 1290, 1292, 1295, 1298, 1299, 1301, 1305, 1307, 1311, 1312, 1314, 1317, 1319, 1321, 1323, 1324, 1326, 1327, 1328, 1331, 1333, 1334, 1336, 1338, 1344, 1347, 1348, 1353, 1355, 1359, 1360, 1363, 1365, 1366, 1370, 1373, 1374, 1377, 1379, 1381, 1383, 1385, 1386, 1387, 1390, 1400, 1403, 1407, 1408, 1409, 1410, 1411, 1413, 1414, 1420, 1421, 1423, 1424, 1430, 1431, 1432, 1433, 1436, 1437, 1439, 1442, 1446, 1447, 1448, 1451, 1452, 1454, 1455, 1456, 1458, 1461, 1462, 1464, 1465, 1467, 1468, 1470, 1471, 1476, 1477, 1480, 1482, 1486, 1487, 1488, 1492, 1493, 1494, 1496, 1499, 1500, 1501, 1502, 1503, 1504, 1508, 1511, 1512, 1515, 1517, 1524, 1525, 1528, 1529, 1530, 1532, 1533, 1535, 1536, 1537, 1539, 1548, 1549, 1554, 1558, 1560, 1562, 1565, 1572, 1573, 1574, 1581, 1584, 1588, 1589, 1592, 1594, 1600, 1602, 1610, 1611, 1612, 1616, 1618, 1619, 1622, 1632, 1635, 1637, 1641, 1642, 1644, 1645, 1646, 1647, 1648, 1655, 1657, 1659, 1661, 1669, 1677, 1678, 1679, 1681, 1685, 1688, 1691, 1692, 1693, 1694, 1695, 1697, 1698, 1699, 1702, 1703, 1709, 1710, 1713, 1714, 1715, 1716, 1719, 1725, 1726, 1727, 1728, 1731, 1735, 1738, 1740, 1742, 1745, 1750, 1757, 1759, 1760, 1761, 1766, 1770, 1775, 1776, 1777, 1783, 1784, 1785, 1788, 1793, 1794, 1795, 1798, 1806, 1811, 1813, 1818, 1820, 1822, 1824, 1825, 1826, 1827, 1829, 1830, 1831, 1834
Selected features super PSO: 1, 6, 7, 9, 10, 12, 14, 17, 20, 23, 25, 31, 36, 37, 38, 41, 42, 44, 46, 50, 51, 53, 59, 60, 61, 65, 74, 77, 78, 79, 81, 82, 85, 90, 91, 93, 97, 98, 105, 107, 111, 113, 119, 122, 126, 128, 129, 133, 136, 138, 141, 143, 144, 146, 147, 148, 153, 155, 160, 161, 166, 168, 175, 180, 184, 185, 186, 188, 195, 197, 198, 199, 205, 206, 208, 210, 211, 214, 218, 219, 222, 230, 234, 235, 240, 242, 243, 244, 246, 249, 251, 252, 256, 266, 267, 269, 272, 273, 274, 279, 280, 290, 292, 293, 298, 301, 302, 304, 307, 309, 311, 312, 313, 314, 316, 318, 320, 321, 323, 333, 339, 340, 346, 348, 349, 350, 353, 354, 355, 359, 363, 367, 368, 376, 377, 385, 387, 388, 390, 391, 395, 397, 399, 400, 403, 405, 406, 407, 408, 409, 410, 415, 419, 420, 423, 424, 425, 427, 429, 430, 432, 435, 438, 441, 442, 445, 448, 451, 452, 453, 454, 458, 459, 465, 468, 469, 471, 472, 476, 478, 486, 489, 491, 493, 495, 497, 498, 500, 501, 505, 507, 508, 509, 514, 519, 520, 522, 523, 528, 531, 532, 533, 540, 545, 548, 551, 552, 556, 557, 559, 560, 562, 564, 569, 570, 575, 577, 580, 581, 582, 586, 587, 588, 594, 596, 599, 602, 603, 605, 606, 609, 612, 613, 615, 616, 617, 619, 622, 624, 630, 631, 637, 639, 640, 646, 648, 654, 660, 661, 664, 670, 672, 675, 677, 680, 685, 687, 697, 700, 702, 703, 708, 712, 713, 726, 730, 731, 732, 734, 735, 736, 738, 739, 741, 742, 743, 744, 747, 749, 750, 751, 754, 756, 757, 759, 760, 763, 764, 768, 769, 770, 771, 774, 775, 776, 778, 779, 784, 786, 788, 790, 791, 794, 795, 797, 800, 802, 804, 806, 807, 811, 814, 816, 820, 821, 824, 826, 827, 831, 840, 842, 844, 846, 856, 860, 865, 868, 870, 874, 880, 881, 887, 891, 893, 896, 898, 899, 901, 903, 905, 906, 907, 915, 918, 920, 923, 925, 932, 936, 939, 940, 942, 945, 946, 947, 948, 949, 951, 954, 956, 966, 974, 976, 979, 980, 981, 987, 990, 991, 992, 993, 994, 997, 1002, 1005, 1008, 1012, 1014, 1019, 1021, 1022, 1027, 1030, 1031, 1032, 1033, 1035, 1037, 1038, 1044, 1049, 1051, 1052, 1055, 1059, 1060, 1062, 1063, 1065, 1066, 1068, 1069, 1071, 1073, 1078, 1079, 1081, 1084, 1087, 1089, 1091, 1093, 1094, 1095, 1096, 1098, 1100, 1102, 1106, 1112, 1116, 1118, 1119, 1124, 1126, 1130, 1131, 1133, 1135, 1138, 1149, 1151, 1152, 1155, 1156, 1158, 1159, 1162, 1163, 1164, 1165, 1167, 1168, 1173, 1175, 1178, 1181, 1182, 1189, 1190, 1192, 1197, 1198, 1199, 1200, 1204, 1205, 1207, 1210, 1214, 1216, 1220, 1222, 1223, 1224, 1227, 1229, 1230, 1236, 1239, 1243, 1244, 1250, 1251, 1252, 1254, 1256, 1257, 1259, 1265, 1266, 1270, 1271, 1272, 1274, 1282, 1283, 1285, 1286, 1294, 1295, 1300, 1302, 1303, 1305, 1306, 1310, 1315, 1317, 1323, 1327, 1333, 1336, 1340, 1341, 1342, 1344, 1345, 1346, 1351, 1352, 1356, 1357, 1358, 1361, 1363, 1365, 1368, 1373, 1376, 1378, 1379, 1380, 1381, 1385, 1389, 1390, 1400, 1402, 1403, 1405, 1406, 1407, 1409, 1410, 1419, 1420, 1421, 1422, 1423, 1424, 1426, 1427, 1429, 1431, 1433, 1434, 1437, 1440, 1441, 1443, 1444, 1448, 1450, 1451, 1456, 1464, 1466, 1467, 1471, 1476, 1477, 1480, 1482, 1489, 1491, 1499, 1501, 1502, 1503, 1512, 1513, 1514, 1516, 1517, 1521, 1525, 1530, 1533, 1540, 1542, 1543, 1544, 1549, 1552, 1555, 1557, 1558, 1559, 1561, 1564, 1566, 1569, 1571, 1572, 1581, 1585, 1586, 1589, 1590, 1592, 1596, 1599, 1608, 1609, 1610, 1613, 1615, 1616, 1619, 1621, 1625, 1628, 1637, 1646, 1647, 1652, 1654, 1655, 1665, 1670, 1676, 1680, 1682, 1685, 1687, 1688, 1689, 1690, 1692, 1693, 1694, 1696, 1697, 1699, 1700, 1701, 1704, 1709, 1713, 1715, 1720, 1722, 1724, 1725, 1726, 1727, 1731, 1733, 1740, 1747, 1754, 1757, 1760, 1761, 1763, 1766, 1771, 1776, 1777, 1780, 1783, 1785, 1787, 1788, 1792, 1796, 1802, 1803, 1805, 1806, 1808, 1813, 1816, 1817, 1820, 1821, 1823, 1826, 1827, 1829, 1830, 1831, 1832, 1833
Selected features super simple PSO: 2, 3, 4, 5, 13, 14, 16, 18, 20, 24, 25, 27, 28, 29, 30, 32, 33, 35, 36, 38, 43, 51, 52, 53, 55, 56, 58, 59, 60, 63, 65, 68, 69, 70, 72, 73, 74, 77, 79, 80, 83, 84, 85, 89, 90, 92, 94, 95, 99, 101, 102, 103, 105, 107, 109, 112, 113, 116, 121, 124, 125, 126, 128, 129, 131, 132, 135, 138, 145, 148, 150, 152, 153, 156, 157, 158, 160, 162, 166, 170, 180, 182, 183, 184, 186, 187, 188, 190, 192, 193, 194, 195, 196, 199, 200, 205, 207, 208, 210, 211, 213, 215, 217, 218, 219, 220, 227, 231, 232, 238, 240, 241, 242, 244, 245, 246, 247, 248, 251, 253, 255, 256, 257, 258, 259, 260, 265, 267, 268, 271, 272, 273, 276, 278, 279, 280, 282, 283, 284, 286, 290, 295, 299, 303, 304, 309, 311, 314, 317, 319, 320, 323, 325, 330, 332, 333, 334, 336, 338, 339, 345, 346, 348, 353, 354, 356, 357, 359, 360, 362, 366, 373, 374, 375, 377, 382, 383, 384, 388, 393, 397, 401, 402, 403, 404, 406, 407, 410, 411, 413, 420, 421, 424, 426, 429, 431, 432, 434, 440, 441, 442, 445, 446, 447, 450, 454, 455, 456, 459, 460, 461, 462, 464, 465, 470, 471, 472, 473, 477, 478, 480, 481, 485, 487, 489, 490, 498, 501, 503, 505, 506, 510, 512, 513, 514, 515, 516, 517, 519, 522, 523, 528, 530, 531, 537, 538, 543, 545, 546, 548, 550, 552, 554, 555, 558, 561, 563, 564, 566, 567, 568, 573, 577, 578, 580, 581, 583, 586, 587, 589, 590, 594, 597, 599, 601, 605, 606, 607, 609, 610, 612, 613, 614, 617, 618, 619, 620, 622, 626, 627, 628, 630, 631, 633, 636, 639, 640, 641, 642, 644, 645, 648, 652, 654, 657, 658, 659, 660, 661, 664, 666, 669, 672, 674, 676, 677, 683, 684, 685, 688, 694, 695, 700, 703, 706, 708, 709, 710, 714, 715, 716, 717, 725, 729, 730, 731, 733, 735, 736, 739, 742, 745, 749, 751, 753, 754, 758, 760, 763, 764, 765, 766, 767, 773, 778, 780, 785, 788, 793, 794, 798, 799, 801, 802, 803, 808, 809, 811, 816, 818, 821, 825, 826, 829, 831, 832, 834, 838, 840, 842, 848, 849, 851, 853, 854, 857, 860, 861, 862, 863, 866, 868, 870, 871, 873, 875, 877, 879, 880, 884, 886, 887, 889, 890, 895, 900, 901, 902, 903, 907, 908, 911, 912, 914, 915, 918, 919, 923, 925, 928, 934, 935, 941, 943, 945, 946, 947, 950, 951, 953, 954, 955, 956, 960, 962, 965, 966, 967, 970, 971, 973, 976, 977, 981, 988, 989, 993, 994, 996, 997, 998, 1000, 1002, 1003, 1004, 1009, 1010, 1011, 1013, 1016, 1019, 1022, 1024, 1027, 1028, 1032, 1033, 1035, 1037, 1039, 1042, 1043, 1046, 1047, 1050, 1051, 1052, 1053, 1060, 1064, 1066, 1068, 1069, 1071, 1072, 1074, 1079, 1081, 1082, 1083, 1087, 1090, 1091, 1092, 1095, 1098, 1101, 1102, 1104, 1106, 1107, 1108, 1115, 1116, 1118, 1121, 1122, 1126, 1127, 1130, 1131, 1132, 1135, 1137, 1141, 1142, 1143, 1147, 1150, 1151, 1154, 1155, 1156, 1158, 1159, 1163, 1164, 1165, 1169, 1170, 1173, 1174, 1176, 1178, 1182, 1183, 1185, 1186, 1187, 1188, 1192, 1194, 1195, 1196, 1197, 1198, 1200, 1201, 1205, 1207, 1212, 1216, 1217, 1219, 1224, 1226, 1227, 1228, 1229, 1232, 1237, 1238, 1239, 1242, 1243, 1245, 1247, 1248, 1250, 1251, 1252, 1254, 1256, 1257, 1258, 1259, 1260, 1261, 1262, 1263, 1264, 1267, 1271, 1272, 1273, 1275, 1278, 1281, 1283, 1285, 1288, 1294, 1295, 1297, 1300, 1302, 1303, 1305, 1306, 1309, 1312, 1314, 1316, 1317, 1319, 1322, 1324, 1327, 1328, 1330, 1331, 1339, 1340, 1341, 1343, 1350, 1352, 1354, 1355, 1357, 1358, 1362, 1364, 1365, 1368, 1372, 1374, 1376, 1377, 1378, 1379, 1381, 1383, 1384, 1385, 1388, 1390, 1394, 1396, 1398, 1402, 1403, 1404, 1405, 1409, 1415, 1416, 1418, 1419, 1420, 1421, 1424, 1426, 1427, 1429, 1431, 1435, 1437, 1439, 1445, 1449, 1451, 1453, 1456, 1458, 1462, 1463, 1464, 1465, 1469, 1471, 1474, 1475, 1477, 1478, 1479, 1486, 1487, 1488, 1490, 1491, 1492, 1493, 1495, 1496, 1498, 1502, 1503, 1504, 1505, 1506, 1507, 1513, 1514, 1515, 1518, 1519, 1520, 1521, 1522, 1531, 1533, 1536, 1538, 1540, 1542, 1546, 1551, 1553, 1555, 1560, 1562, 1568, 1570, 1571, 1572, 1574, 1577, 1578, 1579, 1582, 1583, 1585, 1588, 1591, 1595, 1598, 1599, 1602, 1606, 1607, 1609, 1612, 1617, 1618, 1621, 1623, 1624, 1625, 1627, 1628, 1629, 1640, 1642, 1643, 1644, 1649, 1650, 1651, 1653, 1654, 1656, 1658, 1659, 1667, 1668, 1670, 1673, 1674, 1680, 1684, 1685, 1689, 1690, 1691, 1692, 1693, 1695, 1704, 1705, 1706, 1707, 1710, 1712, 1713, 1715, 1719, 1722, 1723, 1727, 1731, 1732, 1734, 1735, 1738, 1739, 1740, 1742, 1743, 1745, 1749, 1750, 1751, 1752, 1756, 1757, 1758, 1762, 1766, 1767, 1769, 1770, 1771, 1774, 1776, 1778, 1786, 1787, 1788, 1804, 1805, 1808, 1809, 1810, 1812, 1817, 1818, 1819, 1825, 1826, 1828, 1830, 1832, 1834, 1835
--------------Average----------------
Ave Full Accuracy micro: 0.2665
Ave Standard PSO Selection Accuracy micro: 0.2338
Ave Super PSO Selection Accuracy micro: 0.2401
Ave Super simple PSO Selection Accuracy  micro: 0.2355
Ave Full Accuracy macro: 0.1503
Ave Standard PSO Selection Accuracy macro: 0.1199
Ave Super PSO Selection Accuracy macro: 0.1201
Ave Super simple PSO Selection Accuracy macro: 0.1144
Ave time of Standard PSO: 1707.2333
Ave time of Super PSO: 1717.8967
Ave time of Super simple PSO: 258.5133
Ave Standard PSO Feature Ratio: 0.41
Ave Super PSO Feature Ratio: 0.36
Ave Super simple PSO Feature Ratio: 0.39
