--------------Fold 1----------------
Full feature f1 score micro: 0.4649
Fold selected standard PSO f1 score micro: 0.4840
Fold selected super PSO f1 score micro: 0.5055
Fold selected super simple PSO f1 score micro: 0.5008
Full feature f1 score macro: 0.1774
Fold selected standard PSO f1 score macro: 0.1435
Fold selected super PSO f1 score macro: 0.1540
Fold selected super simple PSO f1 score macro: 0.1720
Time of standard PSO: 156.6400
Time of super PSO: 229.1100
Time of super simple PSO: 47.3800
Selection standard PSO ratio: 0.41
Selection super PSO ratio: 0.38
Selection super simple PSO ratio: 0.35
Selected features standard PSO: 1, 2, 4, 5, 6, 14, 16, 17, 21, 24, 27, 29, 30, 31, 34, 37, 38, 39, 41, 43, 45, 59, 61, 64, 65, 66, 67, 69, 74, 75, 78, 79, 83, 85, 87, 89, 91, 93, 97, 98, 99, 100, 105, 107, 109, 110, 118, 119, 123, 124, 125, 126, 129, 130, 131, 138, 142, 147, 150, 151, 153, 156, 164, 166, 167, 171, 174, 175, 176, 177, 180, 187, 191, 197, 200, 202, 203, 205, 207, 211, 212, 215, 221, 223, 227, 232, 233, 235, 236, 245, 246, 247, 249, 250, 253, 260, 268, 269, 272, 273, 278, 279, 280, 284, 290, 291, 292, 296, 299, 304, 305, 311, 312, 314, 317, 318, 320, 323, 324, 326, 328, 329, 330, 331, 333, 335, 336, 339, 340, 341, 342, 352, 356, 357, 358, 360, 364, 365, 371, 372, 373, 374, 375, 377, 379, 381, 382, 383, 385, 387, 392, 396, 398, 401, 405, 406, 407, 412, 416, 417, 418, 423, 424, 425, 426, 427, 428, 431, 432, 433, 435, 437, 440, 442, 444, 452, 454, 457, 458, 459, 462, 467, 470, 474, 477, 479, 484, 487, 490, 494, 498, 499, 500, 502, 504, 507, 511, 512, 514, 515, 516, 517, 518, 524, 526, 530, 535, 537, 538, 541, 543, 546, 547, 550, 553, 554, 556, 557, 561, 562, 563, 566, 568, 574, 575, 580, 582, 585, 588, 593, 594, 596, 597, 600, 602, 603, 604, 606, 607, 608, 613, 617, 621, 623, 624, 628, 629, 630, 631, 632, 636, 637, 638, 643, 645, 648, 653, 657, 658, 661, 662, 663, 664, 666, 668, 672, 673, 676, 679, 681, 685, 686, 690, 691, 694, 695, 700, 701, 702, 704, 711, 713, 714, 715, 718, 720, 721, 723, 728, 731, 732, 734, 735, 736, 737, 738, 739, 742, 743, 744, 745, 747, 748, 749, 750, 752, 754, 755, 760, 762, 763, 764, 767, 770, 771, 773, 777, 779, 781, 784, 785, 786, 790, 794, 795, 799, 802, 804, 806, 807, 810, 817, 819, 826, 828, 829, 832, 833, 836, 839, 840, 842, 843, 844, 847, 851, 854, 856, 857, 859, 861, 862, 863, 864, 865, 866, 868, 873, 875, 876, 878, 883, 886, 895, 897, 898, 904, 906, 909, 912, 913, 915, 916, 917, 920, 925, 926, 927, 928, 929, 932, 944, 947, 948, 949, 950, 952, 953, 954, 955, 959, 961, 965, 967, 968, 969, 970, 972, 975, 976, 977, 978, 980, 981, 982, 984, 986, 988, 990, 991, 997
Selected features super PSO: 1, 2, 3, 14, 15, 17, 22, 23, 24, 27, 29, 30, 31, 32, 36, 40, 43, 44, 45, 46, 47, 49, 52, 55, 56, 64, 68, 71, 75, 78, 80, 82, 83, 84, 86, 87, 88, 90, 91, 92, 94, 95, 100, 102, 103, 105, 108, 109, 110, 111, 114, 115, 116, 118, 121, 124, 137, 141, 144, 145, 147, 148, 153, 155, 159, 164, 169, 172, 176, 181, 182, 184, 185, 186, 189, 190, 191, 195, 198, 202, 205, 206, 211, 214, 217, 224, 225, 230, 231, 235, 236, 237, 238, 241, 242, 243, 245, 246, 253, 255, 259, 260, 271, 272, 274, 280, 281, 283, 287, 288, 291, 295, 298, 304, 305, 308, 323, 324, 327, 328, 329, 330, 332, 333, 336, 339, 340, 341, 342, 343, 346, 351, 352, 353, 354, 356, 359, 362, 370, 372, 373, 374, 375, 376, 377, 379, 381, 382, 383, 384, 386, 387, 389, 391, 394, 404, 407, 408, 409, 410, 413, 414, 426, 427, 428, 431, 435, 440, 446, 447, 450, 451, 454, 458, 459, 460, 462, 466, 467, 472, 476, 477, 478, 482, 484, 488, 489, 491, 496, 500, 502, 505, 508, 509, 511, 515, 517, 519, 522, 525, 530, 531, 534, 540, 547, 550, 558, 560, 561, 562, 563, 566, 567, 568, 570, 571, 575, 576, 581, 582, 583, 586, 591, 592, 593, 594, 596, 599, 601, 606, 608, 611, 612, 617, 620, 621, 623, 624, 625, 628, 630, 631, 634, 635, 637, 653, 656, 657, 658, 660, 661, 664, 665, 666, 671, 673, 675, 676, 679, 683, 686, 689, 691, 696, 699, 702, 709, 710, 713, 721, 726, 727, 728, 736, 742, 743, 749, 752, 754, 755, 758, 759, 760, 761, 764, 767, 771, 772, 773, 774, 777, 779, 783, 787, 789, 790, 792, 796, 797, 801, 802, 807, 808, 812, 813, 817, 818, 822, 825, 826, 828, 834, 836, 837, 838, 841, 845, 847, 848, 857, 858, 860, 861, 864, 869, 871, 872, 873, 876, 877, 878, 879, 885, 887, 891, 897, 899, 902, 906, 907, 910, 915, 917, 919, 920, 921, 923, 924, 926, 927, 929, 930, 932, 937, 938, 939, 940, 944, 952, 954, 959, 960, 961, 963, 966, 968, 969, 971, 972, 975, 976, 977, 978, 980, 982, 997, 998, 999, 1000
Selected features super simple PSO: 2, 5, 7, 12, 13, 16, 20, 27, 30, 38, 42, 43, 46, 47, 50, 52, 58, 59, 62, 64, 65, 66, 68, 69, 70, 72, 80, 84, 85, 88, 89, 90, 93, 94, 100, 105, 109, 112, 117, 119, 121, 122, 123, 124, 125, 130, 134, 137, 140, 142, 146, 150, 151, 153, 155, 159, 160, 166, 167, 168, 170, 171, 172, 175, 177, 183, 185, 188, 191, 194, 196, 199, 207, 210, 213, 221, 224, 228, 232, 233, 242, 247, 253, 255, 256, 260, 262, 264, 265, 272, 273, 274, 276, 282, 283, 285, 286, 297, 299, 306, 311, 312, 316, 329, 331, 333, 336, 338, 348, 351, 352, 353, 354, 357, 358, 362, 364, 366, 368, 369, 371, 373, 377, 378, 380, 384, 385, 386, 390, 391, 397, 399, 401, 402, 405, 406, 407, 410, 411, 415, 416, 418, 421, 426, 427, 428, 430, 433, 435, 439, 441, 442, 449, 451, 454, 456, 458, 460, 461, 463, 464, 465, 466, 467, 468, 470, 471, 472, 473, 479, 482, 487, 491, 493, 499, 502, 503, 504, 514, 515, 516, 520, 528, 532, 533, 534, 538, 539, 541, 542, 543, 547, 550, 552, 555, 556, 560, 561, 563, 565, 568, 570, 571, 575, 577, 579, 581, 582, 586, 587, 589, 591, 592, 594, 596, 597, 598, 599, 603, 607, 609, 615, 616, 618, 622, 627, 628, 629, 631, 632, 637, 644, 646, 647, 650, 652, 656, 657, 660, 663, 664, 665, 673, 676, 679, 680, 685, 689, 696, 704, 706, 707, 709, 711, 712, 713, 720, 721, 726, 727, 730, 731, 735, 740, 746, 748, 749, 751, 754, 757, 758, 759, 760, 761, 763, 769, 776, 784, 785, 786, 791, 794, 796, 798, 799, 800, 801, 802, 804, 806, 816, 821, 823, 828, 831, 835, 836, 837, 838, 844, 848, 851, 852, 857, 858, 859, 860, 863, 865, 870, 872, 873, 875, 880, 885, 886, 892, 893, 897, 904, 907, 911, 915, 917, 919, 922, 929, 931, 932, 934, 938, 941, 944, 945, 948, 949, 951, 952, 956, 965, 966, 970, 972, 973, 975, 984, 990, 991, 998, 999
--------------Fold 2----------------
Full feature f1 score micro: 0.4698
Fold selected standard PSO f1 score micro: 0.5066
Fold selected super PSO f1 score micro: 0.5066
Fold selected super simple PSO f1 score micro: 0.5013
Full feature f1 score macro: 0.1713
Fold selected standard PSO f1 score macro: 0.1609
Fold selected super PSO f1 score macro: 0.1703
Fold selected super simple PSO f1 score macro: 0.1649
Time of standard PSO: 155.0200
Time of super PSO: 256.5200
Time of super simple PSO: 54.9400
Selection standard PSO ratio: 0.39
Selection super PSO ratio: 0.33
Selection super simple PSO ratio: 0.41
Selected features standard PSO: 0, 4, 5, 7, 10, 11, 13, 14, 16, 17, 21, 22, 24, 25, 26, 29, 42, 43, 46, 49, 51, 52, 53, 57, 58, 62, 64, 73, 75, 78, 80, 83, 84, 85, 87, 90, 91, 94, 97, 98, 102, 105, 106, 110, 116, 117, 120, 121, 122, 123, 127, 135, 138, 139, 140, 142, 143, 145, 157, 159, 167, 169, 171, 172, 174, 178, 179, 183, 184, 187, 189, 191, 195, 202, 204, 207, 208, 209, 210, 211, 216, 218, 219, 221, 224, 225, 226, 227, 229, 233, 235, 239, 242, 243, 244, 245, 246, 247, 249, 254, 257, 258, 262, 263, 269, 271, 273, 276, 278, 279, 281, 288, 289, 290, 295, 296, 301, 303, 304, 305, 307, 308, 309, 310, 311, 316, 318, 319, 322, 324, 325, 327, 328, 330, 336, 349, 353, 355, 358, 360, 363, 371, 372, 373, 376, 381, 382, 384, 386, 390, 393, 396, 398, 400, 408, 409, 410, 411, 419, 420, 423, 425, 426, 428, 429, 431, 432, 433, 442, 447, 449, 455, 458, 459, 460, 462, 463, 464, 467, 468, 470, 474, 475, 477, 478, 481, 483, 487, 489, 490, 495, 498, 499, 500, 501, 505, 506, 507, 510, 511, 518, 519, 520, 521, 522, 524, 525, 528, 532, 533, 535, 538, 543, 544, 547, 550, 551, 556, 558, 563, 569, 576, 577, 578, 585, 586, 589, 590, 593, 594, 596, 599, 600, 601, 606, 612, 613, 622, 623, 626, 627, 632, 633, 639, 640, 643, 654, 655, 657, 660, 661, 662, 664, 665, 667, 668, 670, 674, 675, 683, 684, 685, 687, 689, 693, 697, 704, 707, 708, 709, 710, 712, 713, 716, 719, 720, 723, 727, 730, 734, 737, 746, 747, 749, 750, 751, 752, 755, 757, 761, 765, 766, 767, 769, 774, 775, 776, 780, 781, 783, 784, 788, 790, 792, 796, 797, 799, 802, 803, 808, 809, 815, 820, 822, 824, 827, 830, 833, 835, 836, 839, 841, 849, 850, 854, 855, 859, 860, 861, 864, 867, 868, 869, 871, 873, 875, 876, 878, 879, 881, 882, 886, 887, 888, 890, 891, 892, 893, 900, 901, 902, 905, 909, 912, 919, 920, 922, 923, 924, 925, 927, 928, 934, 937, 938, 940, 942, 944, 946, 947, 951, 955, 958, 961, 963, 969, 970, 972, 973, 974, 979, 981, 984, 986, 988, 990, 994, 999, 1000
Selected features super PSO: 3, 4, 6, 8, 11, 13, 21, 23, 24, 27, 28, 32, 38, 42, 43, 44, 53, 54, 57, 68, 70, 71, 72, 76, 77, 80, 82, 83, 85, 86, 88, 91, 93, 102, 105, 106, 107, 112, 117, 119, 120, 122, 124, 127, 128, 129, 136, 143, 145, 147, 152, 154, 157, 158, 159, 167, 168, 170, 171, 174, 175, 176, 177, 180, 181, 185, 187, 188, 189, 190, 194, 195, 201, 202, 209, 214, 222, 224, 226, 227, 229, 231, 233, 243, 244, 247, 248, 249, 250, 251, 252, 253, 257, 258, 259, 260, 265, 269, 270, 271, 272, 278, 279, 288, 291, 293, 296, 297, 300, 302, 303, 305, 306, 311, 313, 315, 317, 318, 321, 329, 330, 333, 334, 335, 339, 344, 345, 348, 349, 353, 355, 359, 367, 368, 385, 394, 395, 397, 400, 402, 404, 405, 406, 407, 410, 417, 421, 425, 429, 432, 433, 434, 437, 439, 440, 441, 447, 449, 450, 455, 458, 464, 470, 474, 475, 480, 482, 486, 489, 490, 496, 498, 504, 506, 507, 508, 512, 517, 518, 520, 522, 525, 527, 529, 531, 533, 536, 537, 541, 544, 546, 553, 555, 561, 563, 564, 572, 579, 582, 590, 593, 599, 604, 606, 609, 613, 615, 617, 618, 621, 627, 637, 640, 644, 645, 646, 647, 649, 650, 656, 660, 665, 667, 670, 672, 673, 677, 679, 680, 681, 682, 684, 686, 689, 696, 697, 699, 701, 704, 706, 707, 708, 714, 718, 724, 726, 727, 734, 735, 736, 737, 738, 740, 749, 751, 755, 761, 763, 771, 774, 776, 778, 779, 783, 784, 788, 791, 793, 797, 798, 800, 802, 807, 810, 811, 813, 814, 819, 828, 832, 834, 835, 836, 841, 842, 846, 854, 855, 856, 860, 863, 869, 871, 873, 876, 882, 883, 886, 890, 892, 893, 894, 898, 907, 910, 913, 916, 924, 929, 930, 932, 934, 937, 943, 945, 950, 952, 956, 960, 962, 964, 965, 966, 967, 969, 977, 978, 984, 985, 993, 994, 998, 999, 1000
Selected features super simple PSO: 3, 5, 9, 11, 17, 19, 20, 21, 23, 25, 28, 30, 33, 34, 35, 41, 42, 43, 44, 49, 51, 55, 59, 62, 63, 70, 71, 72, 75, 76, 79, 84, 86, 87, 91, 92, 93, 95, 97, 100, 102, 105, 111, 112, 114, 116, 125, 126, 127, 128, 131, 132, 138, 144, 148, 149, 150, 152, 154, 156, 161, 162, 163, 165, 167, 168, 170, 171, 172, 178, 179, 181, 182, 185, 186, 187, 191, 192, 193, 202, 207, 209, 210, 213, 218, 219, 221, 223, 224, 225, 226, 227, 228, 229, 230, 232, 234, 236, 237, 238, 239, 242, 244, 246, 248, 252, 256, 257, 260, 262, 266, 270, 272, 273, 278, 279, 280, 281, 282, 285, 287, 288, 289, 290, 291, 294, 296, 302, 304, 306, 312, 316, 317, 319, 320, 325, 333, 334, 336, 337, 343, 346, 348, 349, 351, 353, 354, 357, 359, 363, 365, 366, 367, 373, 375, 376, 379, 383, 386, 387, 394, 398, 399, 406, 409, 416, 418, 421, 423, 427, 428, 432, 433, 434, 437, 438, 443, 444, 448, 449, 451, 452, 457, 458, 459, 462, 464, 465, 466, 468, 471, 476, 479, 481, 483, 484, 485, 489, 490, 491, 493, 497, 499, 500, 506, 509, 510, 513, 515, 517, 520, 522, 525, 536, 539, 540, 541, 546, 547, 549, 551, 552, 553, 556, 557, 558, 560, 561, 563, 567, 569, 570, 576, 580, 581, 584, 588, 591, 592, 598, 600, 601, 604, 605, 610, 612, 614, 616, 617, 618, 621, 625, 626, 628, 630, 631, 632, 633, 634, 635, 637, 639, 640, 641, 643, 647, 649, 656, 660, 661, 664, 665, 668, 670, 677, 684, 685, 687, 690, 696, 701, 703, 704, 705, 708, 709, 710, 713, 719, 720, 722, 724, 725, 726, 728, 732, 733, 737, 740, 741, 742, 743, 744, 747, 749, 750, 752, 757, 760, 762, 763, 764, 767, 772, 773, 775, 779, 785, 786, 787, 791, 792, 797, 798, 799, 801, 805, 807, 810, 813, 815, 818, 819, 821, 826, 828, 831, 837, 839, 840, 841, 843, 844, 847, 850, 851, 853, 854, 855, 856, 861, 863, 868, 869, 870, 871, 872, 873, 876, 877, 881, 884, 886, 888, 893, 894, 896, 898, 900, 902, 903, 907, 909, 911, 914, 915, 917, 918, 919, 920, 921, 924, 926, 929, 930, 932, 935, 939, 942, 944, 946, 956, 972, 973, 976, 979, 982, 983, 984, 985, 987, 988, 991, 993, 998, 1000
--------------Fold 3----------------
Full feature f1 score micro: 0.4745
Fold selected standard PSO f1 score micro: 0.5111
Fold selected super PSO f1 score micro: 0.5089
Fold selected super simple PSO f1 score micro: 0.4992
Full feature f1 score macro: 0.1552
Fold selected standard PSO f1 score macro: 0.1741
Fold selected super PSO f1 score macro: 0.1713
Fold selected super simple PSO f1 score macro: 0.1724
Time of standard PSO: 150.5300
Time of super PSO: 239.6500
Time of super simple PSO: 50.1500
Selection standard PSO ratio: 0.40
Selection super PSO ratio: 0.38
Selection super simple PSO ratio: 0.38
Selected features standard PSO: 4, 5, 6, 8, 9, 11, 12, 18, 25, 32, 35, 38, 42, 45, 47, 48, 53, 57, 60, 66, 71, 73, 75, 76, 77, 78, 79, 80, 81, 83, 84, 85, 87, 95, 100, 103, 106, 108, 110, 112, 114, 115, 116, 118, 119, 121, 122, 123, 125, 128, 129, 131, 132, 133, 135, 139, 143, 144, 146, 148, 149, 151, 153, 155, 159, 160, 161, 166, 167, 169, 171, 176, 178, 181, 182, 183, 184, 185, 186, 187, 188, 191, 192, 194, 195, 196, 200, 204, 205, 206, 208, 209, 216, 217, 218, 219, 220, 221, 222, 223, 231, 232, 234, 235, 236, 238, 241, 242, 243, 245, 246, 249, 252, 253, 254, 255, 258, 260, 261, 265, 268, 270, 272, 274, 275, 277, 278, 288, 290, 297, 300, 301, 305, 308, 314, 316, 318, 324, 326, 327, 328, 329, 331, 334, 335, 338, 339, 340, 343, 344, 346, 347, 348, 349, 354, 358, 359, 360, 367, 368, 374, 375, 376, 378, 379, 381, 384, 386, 389, 390, 391, 392, 397, 399, 400, 401, 403, 404, 407, 410, 412, 418, 421, 425, 427, 429, 435, 436, 437, 438, 439, 441, 442, 446, 447, 452, 455, 462, 463, 464, 465, 467, 470, 472, 473, 476, 479, 481, 483, 488, 493, 498, 499, 505, 509, 512, 513, 517, 518, 531, 532, 534, 536, 538, 539, 541, 542, 545, 546, 548, 549, 550, 551, 564, 572, 576, 583, 586, 590, 594, 595, 598, 599, 604, 606, 608, 614, 616, 617, 618, 621, 622, 623, 627, 630, 636, 639, 641, 643, 648, 649, 652, 654, 655, 656, 657, 659, 662, 664, 666, 669, 671, 674, 677, 679, 680, 681, 682, 685, 686, 689, 690, 693, 694, 697, 699, 700, 701, 703, 705, 708, 712, 716, 721, 723, 724, 732, 739, 740, 744, 745, 747, 748, 750, 755, 756, 763, 766, 768, 776, 778, 779, 780, 781, 784, 787, 788, 792, 794, 795, 798, 799, 801, 802, 804, 805, 807, 808, 809, 812, 813, 814, 815, 816, 817, 818, 821, 823, 824, 826, 829, 830, 832, 833, 836, 843, 846, 849, 853, 856, 859, 860, 861, 862, 863, 868, 869, 870, 871, 874, 875, 887, 889, 894, 896, 897, 901, 902, 904, 906, 911, 912, 915, 917, 928, 929, 930, 934, 940, 941, 943, 944, 946, 948, 951, 957, 958, 960, 961, 962, 963, 967, 968, 970, 973, 975, 976, 979, 980, 984, 990, 992, 996, 1000
Selected features super PSO: 1, 3, 15, 17, 19, 20, 24, 26, 29, 30, 33, 34, 37, 38, 41, 45, 49, 50, 52, 54, 55, 57, 66, 71, 72, 73, 86, 89, 90, 92, 98, 99, 107, 110, 113, 118, 119, 121, 122, 124, 127, 130, 132, 136, 137, 140, 143, 144, 146, 147, 148, 149, 150, 152, 153, 156, 157, 159, 160, 163, 170, 173, 178, 179, 181, 183, 184, 189, 192, 195, 197, 200, 210, 212, 214, 215, 216, 217, 218, 221, 222, 234, 240, 242, 243, 244, 245, 246, 248, 251, 252, 253, 254, 255, 262, 263, 267, 268, 273, 274, 275, 277, 278, 279, 281, 285, 286, 287, 290, 293, 295, 297, 301, 302, 304, 311, 313, 315, 316, 320, 324, 325, 330, 332, 336, 337, 341, 343, 344, 345, 347, 348, 349, 351, 352, 353, 355, 358, 360, 361, 363, 364, 366, 367, 368, 370, 375, 376, 377, 379, 381, 382, 385, 388, 389, 390, 391, 392, 395, 400, 402, 403, 404, 413, 414, 415, 423, 424, 431, 433, 442, 445, 447, 448, 450, 454, 461, 463, 465, 466, 472, 473, 482, 485, 489, 490, 491, 492, 494, 495, 496, 497, 500, 502, 504, 505, 508, 509, 515, 517, 521, 524, 537, 538, 541, 546, 547, 549, 557, 559, 568, 569, 574, 576, 577, 580, 582, 585, 588, 589, 596, 599, 600, 606, 608, 610, 611, 612, 613, 618, 620, 621, 623, 625, 626, 629, 630, 632, 634, 637, 638, 639, 640, 642, 643, 646, 653, 657, 659, 661, 662, 663, 667, 668, 671, 672, 673, 674, 680, 681, 684, 687, 688, 689, 691, 693, 697, 700, 703, 707, 710, 711, 712, 716, 718, 719, 724, 725, 729, 730, 732, 733, 734, 735, 737, 738, 740, 741, 742, 746, 752, 753, 755, 758, 759, 761, 762, 763, 767, 770, 771, 772, 773, 776, 777, 778, 779, 783, 784, 785, 790, 792, 795, 796, 806, 810, 811, 814, 815, 819, 821, 824, 825, 829, 831, 834, 835, 838, 842, 846, 851, 856, 860, 864, 866, 868, 870, 873, 875, 876, 880, 883, 885, 889, 891, 896, 899, 901, 902, 903, 906, 907, 910, 911, 913, 914, 917, 919, 920, 927, 931, 937, 943, 944, 945, 948, 956, 957, 964, 966, 969, 972, 978, 979, 981, 982, 983, 984, 987, 991, 992, 993, 994, 998, 999
Selected features super simple PSO: 2, 3, 5, 6, 9, 10, 11, 13, 14, 17, 19, 22, 28, 29, 30, 34, 36, 37, 38, 39, 47, 51, 52, 56, 58, 59, 62, 66, 69, 77, 80, 83, 86, 88, 89, 94, 98, 106, 110, 113, 114, 115, 116, 117, 118, 121, 129, 131, 136, 138, 139, 141, 143, 144, 148, 153, 154, 158, 166, 172, 173, 175, 178, 179, 180, 182, 184, 185, 187, 196, 198, 200, 203, 204, 206, 207, 212, 213, 216, 219, 224, 225, 231, 233, 240, 241, 243, 246, 249, 253, 254, 260, 261, 262, 266, 267, 271, 272, 273, 275, 276, 279, 280, 281, 282, 283, 286, 288, 289, 296, 301, 304, 307, 309, 311, 312, 313, 315, 319, 325, 333, 336, 342, 344, 346, 349, 350, 353, 354, 357, 358, 359, 363, 364, 365, 367, 368, 369, 370, 371, 377, 380, 381, 390, 394, 397, 401, 403, 406, 407, 411, 412, 413, 415, 416, 424, 430, 432, 433, 435, 436, 437, 438, 442, 444, 445, 455, 463, 473, 475, 476, 478, 481, 485, 489, 495, 498, 501, 502, 504, 505, 508, 510, 511, 512, 521, 522, 523, 524, 525, 527, 529, 532, 533, 535, 536, 545, 546, 549, 553, 556, 557, 559, 562, 563, 566, 569, 573, 574, 575, 579, 580, 588, 591, 600, 601, 603, 609, 612, 615, 616, 619, 621, 623, 625, 626, 627, 633, 634, 636, 637, 639, 640, 642, 645, 646, 648, 650, 651, 654, 656, 659, 660, 661, 663, 666, 668, 669, 671, 673, 676, 682, 683, 684, 687, 692, 696, 697, 700, 701, 704, 706, 708, 709, 710, 713, 719, 732, 735, 736, 738, 741, 742, 746, 749, 750, 753, 757, 759, 762, 763, 765, 766, 767, 768, 774, 776, 779, 780, 782, 785, 788, 789, 798, 802, 803, 805, 807, 809, 811, 816, 822, 823, 825, 826, 828, 829, 831, 833, 835, 839, 841, 843, 845, 846, 848, 850, 851, 852, 854, 857, 859, 860, 866, 867, 869, 872, 873, 874, 876, 883, 884, 888, 890, 891, 892, 894, 899, 901, 907, 910, 911, 913, 914, 917, 923, 924, 926, 928, 931, 934, 935, 937, 938, 939, 940, 943, 944, 945, 950, 951, 952, 958, 961, 964, 965, 967, 969, 971, 979, 983, 985, 986, 987, 988, 990, 992, 994, 996, 997, 1000
--------------Average----------------
Ave Full Accuracy micro: 0.4697
Ave Standard PSO Selection Accuracy micro: 0.5005
Ave Super PSO Selection Accuracy micro: 0.5070
Ave Super simple PSO Selection Accuracy  micro: 0.5004
Ave Full Accuracy macro: 0.1679
Ave Standard PSO Selection Accuracy macro: 0.1595
Ave Super PSO Selection Accuracy macro: 0.1652
Ave Super simple PSO Selection Accuracy macro: 0.1698
Ave time of Standard PSO: 154.0633
Ave time of Super PSO: 241.7600
Ave time of Super simple PSO: 50.8233
Ave Standard PSO Feature Ratio: 0.40
Ave Super PSO Feature Ratio: 0.37
Ave Super simple PSO Feature Ratio: 0.38
