--------------Fold 1----------------
Full feature f1 score micro: 0.5917
Fold selected standard PSO f1 score micro: 0.8154
Fold selected super PSO f1 score micro: 0.7293
Fold selected super simple PSO f1 score micro: 0.7713
Full feature f1 score macro: 0.4992
Fold selected standard PSO f1 score macro: 0.4537
Fold selected super PSO f1 score macro: 0.3865
Fold selected super simple PSO f1 score macro: 0.4763
Time of standard PSO: 37.3700
Time of super PSO: 52.0100
Time of super simple PSO: 14.2300
Selection standard PSO ratio: 0.40
Selection super PSO ratio: 0.38
Selection super simple PSO ratio: 0.33
Selected features standard PSO: 0, 2, 3, 5, 6, 8, 11, 15, 24, 27, 31, 32, 37, 38, 40, 41, 42, 43, 45, 47, 49, 51, 52, 55, 56, 57, 59, 64, 66, 67, 69, 70, 73, 75, 83, 84, 90, 94, 96, 97, 98, 99, 103, 107, 111, 113, 115, 116, 119, 123, 125, 127, 128, 129, 131, 133, 142, 143, 145, 149, 155, 170, 171, 175, 176, 178, 179, 180, 181, 183, 184, 188, 190, 196, 200, 202, 204, 205, 207, 209, 212, 213, 214, 217, 220, 225, 226, 227, 230, 231, 232, 239, 240, 241, 244, 247, 248, 262, 263, 264, 267, 268, 269, 272, 273, 274, 277, 287, 292, 294, 295, 296, 297, 304, 306, 310, 312, 314, 315, 318, 320, 324, 328, 329, 330, 331, 333, 334, 340, 343, 347, 349, 350, 354, 355, 357, 358, 360, 361, 362, 365, 372, 375, 377, 380, 381, 384, 386, 387, 388, 389, 395, 397, 398, 400, 402, 404, 405, 407, 408, 409, 412, 414, 415, 416, 419, 420, 423, 424, 432, 437, 439, 440, 442, 447, 449, 451, 454, 458, 459, 461, 462, 463, 464, 465, 473, 474, 478, 480, 482, 484, 485, 486, 487, 491, 493, 494, 497, 498, 500, 503, 505, 506, 511, 514, 515, 516, 518, 522, 524, 527, 528, 530, 531, 532, 533, 534, 536, 540, 541, 542, 543, 544, 545, 548, 549, 553, 556, 559, 560, 563, 564, 565, 569, 571, 573, 574, 580, 581, 582, 587, 588, 591, 592, 596, 599, 600, 603, 605, 609, 610, 613, 615, 620, 621, 623, 626, 627, 629, 630, 632, 633, 634, 635, 636, 642, 643, 644, 645, 648, 657, 659, 662, 664, 666, 670, 671, 675, 676, 677, 680, 684, 689, 690, 702, 706, 707, 710, 711, 713, 715, 716, 718, 720, 722, 725, 726, 727, 729, 730, 731, 736, 741, 743, 745, 748, 754, 757, 758, 759, 761, 764, 771, 772, 775, 778, 779, 780, 785, 787, 788, 789, 792, 794, 795, 798, 800, 801, 802, 804, 805, 807, 808, 809, 811, 813, 818, 819, 825, 826, 830, 833, 840, 842, 843, 845, 846, 847, 849, 851, 856, 857, 858, 860, 861, 867, 869, 871, 873, 875, 876, 877, 878, 879, 882, 885, 891, 893, 895, 899, 900, 901, 902, 904, 905, 906, 910, 911, 913, 919, 920, 921, 922, 923, 924, 926, 934, 947, 948, 951, 953, 961, 962, 964, 977, 981, 982, 983, 985, 996, 997, 998, 999, 1002, 1003, 1004, 1006, 1007, 1008, 1009, 1010, 1011, 1012, 1013, 1014, 1016, 1018, 1020, 1023, 1030, 1034, 1036, 1039, 1040, 1042, 1045, 1046, 1049, 1051, 1056, 1058, 1059, 1060, 1064, 1065, 1069, 1070, 1072, 1075, 1076, 1085, 1088, 1089, 1093, 1099, 1104, 1106, 1110, 1111, 1114, 1115, 1119, 1122, 1126, 1128, 1138, 1140, 1141, 1143, 1146, 1147, 1148, 1155, 1160, 1161, 1165, 1168, 1169, 1170, 1172, 1173, 1174, 1175, 1177, 1183, 1184
Selected features super PSO: 4, 8, 13, 16, 23, 25, 28, 29, 36, 41, 43, 48, 49, 50, 53, 54, 59, 60, 61, 63, 64, 69, 71, 72, 75, 76, 77, 80, 83, 90, 91, 92, 94, 99, 100, 107, 111, 112, 113, 115, 116, 117, 119, 121, 122, 123, 125, 131, 134, 137, 141, 143, 144, 145, 148, 149, 151, 152, 153, 158, 161, 163, 164, 171, 174, 177, 178, 179, 187, 188, 189, 192, 193, 198, 199, 204, 205, 206, 215, 220, 222, 227, 229, 231, 232, 233, 234, 237, 238, 239, 242, 244, 245, 248, 249, 253, 256, 257, 259, 261, 265, 268, 269, 271, 276, 279, 283, 290, 292, 293, 294, 299, 306, 307, 310, 312, 315, 316, 318, 319, 320, 322, 326, 329, 331, 337, 339, 342, 343, 344, 349, 350, 351, 352, 353, 354, 366, 367, 369, 370, 371, 374, 378, 379, 381, 382, 385, 387, 392, 395, 398, 399, 400, 401, 402, 404, 406, 413, 414, 421, 427, 428, 431, 433, 435, 437, 441, 444, 445, 446, 447, 451, 452, 453, 454, 457, 458, 464, 466, 467, 469, 470, 471, 477, 478, 479, 482, 487, 492, 498, 505, 508, 509, 512, 516, 521, 522, 526, 527, 534, 536, 538, 540, 541, 544, 548, 550, 552, 555, 559, 561, 562, 563, 568, 569, 571, 577, 578, 579, 580, 591, 596, 598, 600, 601, 603, 604, 605, 606, 607, 609, 610, 613, 615, 616, 617, 622, 623, 625, 626, 627, 634, 635, 638, 642, 643, 644, 648, 649, 652, 653, 654, 655, 665, 666, 670, 671, 673, 677, 679, 681, 682, 683, 688, 691, 693, 695, 698, 702, 704, 709, 712, 713, 716, 717, 720, 721, 723, 729, 731, 733, 735, 737, 738, 739, 740, 741, 744, 751, 752, 754, 757, 758, 761, 763, 765, 772, 783, 784, 785, 786, 790, 793, 798, 799, 800, 802, 803, 804, 809, 810, 813, 814, 815, 816, 818, 820, 825, 826, 827, 832, 833, 835, 836, 837, 844, 847, 850, 855, 866, 874, 875, 878, 879, 881, 882, 884, 896, 903, 909, 911, 912, 914, 915, 917, 921, 924, 927, 929, 932, 933, 934, 938, 942, 943, 946, 952, 958, 963, 968, 969, 971, 972, 973, 978, 984, 985, 986, 988, 990, 991, 993, 996, 999, 1000, 1002, 1005, 1007, 1008, 1009, 1014, 1015, 1017, 1018, 1020, 1021, 1022, 1023, 1025, 1029, 1031, 1032, 1033, 1034, 1036, 1038, 1040, 1044, 1048, 1052, 1057, 1060, 1063, 1064, 1067, 1069, 1070, 1073, 1088, 1089, 1090, 1095, 1096, 1097, 1098, 1099, 1100, 1102, 1103, 1104, 1105, 1107, 1110, 1113, 1114, 1115, 1118, 1120, 1123, 1126, 1128, 1129, 1133, 1134, 1135, 1136, 1137, 1138, 1139, 1143, 1145, 1152, 1153, 1160, 1162, 1166, 1169, 1170, 1175, 1177, 1178, 1181, 1183, 1185
Selected features super simple PSO: 6, 10, 12, 13, 16, 18, 25, 31, 41, 42, 45, 47, 49, 56, 59, 60, 64, 71, 72, 73, 75, 82, 84, 88, 89, 91, 92, 99, 100, 102, 104, 107, 111, 113, 114, 116, 118, 122, 125, 126, 133, 136, 139, 142, 145, 147, 148, 149, 156, 158, 160, 163, 164, 166, 168, 171, 173, 174, 175, 178, 180, 181, 184, 193, 195, 197, 201, 204, 206, 211, 216, 217, 219, 224, 225, 231, 232, 234, 236, 237, 240, 242, 246, 247, 251, 254, 258, 263, 264, 267, 268, 271, 273, 276, 280, 282, 284, 286, 293, 298, 305, 307, 308, 311, 312, 313, 319, 320, 323, 325, 326, 337, 339, 341, 345, 346, 348, 350, 351, 353, 354, 357, 360, 370, 383, 384, 389, 390, 391, 395, 401, 402, 405, 407, 408, 412, 414, 418, 420, 423, 424, 426, 427, 431, 432, 436, 437, 443, 450, 451, 453, 456, 460, 462, 463, 464, 465, 468, 470, 471, 475, 476, 477, 479, 480, 482, 483, 484, 490, 492, 499, 500, 501, 502, 503, 504, 505, 508, 512, 513, 518, 520, 521, 522, 527, 530, 531, 536, 540, 541, 546, 548, 552, 553, 556, 558, 559, 560, 563, 567, 569, 570, 575, 580, 588, 593, 595, 603, 604, 607, 608, 610, 611, 618, 624, 628, 629, 630, 633, 637, 638, 639, 640, 641, 642, 643, 647, 656, 659, 662, 663, 674, 675, 678, 680, 682, 686, 692, 697, 700, 702, 704, 707, 708, 714, 716, 717, 719, 721, 723, 728, 729, 732, 734, 735, 736, 744, 746, 763, 765, 766, 770, 773, 775, 776, 781, 789, 790, 791, 794, 797, 798, 800, 802, 807, 811, 813, 815, 816, 820, 821, 826, 828, 829, 835, 837, 838, 839, 841, 842, 845, 846, 847, 848, 849, 852, 858, 859, 860, 866, 871, 873, 879, 880, 885, 886, 887, 889, 890, 896, 899, 904, 905, 910, 915, 916, 917, 921, 925, 932, 936, 942, 943, 948, 949, 956, 957, 963, 965, 969, 972, 978, 983, 989, 993, 994, 995, 1000, 1001, 1007, 1008, 1012, 1015, 1029, 1038, 1040, 1047, 1048, 1051, 1055, 1056, 1058, 1059, 1063, 1064, 1065, 1068, 1074, 1075, 1077, 1079, 1080, 1082, 1084, 1086, 1087, 1088, 1091, 1093, 1098, 1106, 1107, 1108, 1110, 1111, 1116, 1117, 1122, 1124, 1125, 1127, 1128, 1130, 1131, 1133, 1134, 1136, 1145, 1146, 1159, 1162, 1169, 1170, 1171, 1173, 1174, 1176
--------------Fold 2----------------
Full feature f1 score micro: 0.8440
Fold selected standard PSO f1 score micro: 0.8876
Fold selected super PSO f1 score micro: 0.4854
Fold selected super simple PSO f1 score micro: 0.8348
Full feature f1 score macro: 0.7232
Fold selected standard PSO f1 score macro: 0.5081
Fold selected super PSO f1 score macro: 0.3701
Fold selected super simple PSO f1 score macro: 0.6009
Time of standard PSO: 33.8200
Time of super PSO: 51.0800
Time of super simple PSO: 14.0400
Selection standard PSO ratio: 0.37
Selection super PSO ratio: 0.34
Selection super simple PSO ratio: 0.45
Selected features standard PSO: 2, 5, 7, 10, 12, 19, 20, 25, 33, 37, 38, 40, 41, 42, 44, 48, 49, 51, 54, 61, 63, 72, 75, 80, 81, 83, 88, 90, 92, 95, 98, 99, 100, 101, 105, 112, 119, 122, 124, 125, 127, 129, 134, 140, 143, 152, 154, 162, 164, 169, 170, 172, 177, 182, 184, 186, 189, 191, 192, 195, 196, 201, 206, 207, 210, 211, 213, 214, 215, 216, 218, 219, 224, 225, 229, 230, 232, 233, 236, 239, 241, 243, 247, 248, 252, 255, 260, 265, 268, 269, 275, 277, 280, 284, 285, 286, 289, 290, 292, 294, 297, 298, 300, 301, 309, 312, 314, 320, 322, 326, 327, 328, 329, 331, 336, 337, 345, 346, 347, 351, 353, 354, 355, 356, 358, 359, 362, 364, 365, 371, 372, 375, 376, 381, 383, 387, 389, 390, 394, 397, 398, 399, 400, 404, 405, 407, 410, 412, 416, 419, 425, 426, 427, 428, 431, 434, 436, 440, 441, 443, 449, 450, 453, 454, 458, 460, 462, 466, 467, 474, 475, 480, 482, 486, 489, 492, 500, 501, 506, 511, 514, 519, 520, 523, 525, 526, 528, 532, 533, 536, 538, 539, 545, 547, 548, 549, 550, 551, 553, 562, 566, 572, 576, 578, 580, 582, 583, 597, 599, 602, 603, 604, 605, 608, 609, 610, 611, 613, 616, 632, 633, 634, 638, 643, 647, 650, 651, 653, 654, 657, 658, 659, 666, 667, 669, 676, 679, 688, 689, 691, 693, 694, 700, 706, 708, 716, 718, 721, 726, 728, 737, 738, 739, 741, 742, 744, 747, 749, 750, 752, 755, 760, 763, 766, 767, 769, 771, 773, 779, 782, 785, 794, 802, 803, 805, 811, 813, 814, 820, 823, 824, 833, 835, 837, 840, 841, 846, 848, 861, 864, 867, 868, 869, 876, 877, 879, 880, 881, 883, 886, 887, 888, 889, 890, 894, 895, 896, 897, 900, 901, 904, 905, 906, 910, 911, 915, 916, 918, 920, 921, 922, 927, 929, 932, 933, 934, 935, 936, 937, 941, 943, 946, 947, 950, 954, 956, 959, 960, 961, 962, 963, 967, 968, 972, 974, 977, 978, 979, 981, 982, 983, 985, 987, 988, 990, 992, 995, 997, 998, 999, 1000, 1002, 1003, 1004, 1009, 1012, 1013, 1016, 1018, 1025, 1026, 1028, 1030, 1033, 1034, 1039, 1040, 1046, 1048, 1049, 1050, 1051, 1052, 1054, 1059, 1060, 1063, 1066, 1070, 1072, 1075, 1076, 1079, 1080, 1082, 1083, 1084, 1085, 1088, 1089, 1095, 1096, 1101, 1102, 1103, 1105, 1106, 1108, 1109, 1110, 1113, 1114, 1116, 1119, 1125, 1127, 1130, 1131, 1132, 1133, 1134, 1136, 1137, 1140, 1141, 1144, 1148, 1154, 1157, 1158, 1161, 1168, 1169, 1170, 1171, 1172, 1173, 1174, 1175, 1180, 1182, 1183
Selected features super PSO: 0, 3, 7, 14, 16, 19, 20, 24, 28, 33, 36, 37, 38, 43, 45, 48, 51, 52, 54, 56, 57, 61, 63, 66, 68, 69, 70, 71, 75, 84, 86, 93, 98, 100, 101, 102, 103, 110, 112, 115, 116, 127, 129, 133, 134, 136, 137, 141, 142, 146, 164, 166, 172, 174, 180, 181, 184, 185, 186, 188, 191, 194, 195, 196, 200, 201, 202, 203, 205, 208, 209, 211, 212, 213, 220, 221, 225, 226, 229, 232, 237, 238, 241, 249, 250, 251, 256, 257, 260, 267, 268, 270, 281, 284, 287, 289, 291, 293, 294, 297, 302, 305, 307, 311, 312, 313, 315, 317, 319, 328, 329, 338, 340, 343, 344, 345, 354, 356, 357, 358, 359, 360, 361, 369, 370, 371, 372, 376, 381, 385, 386, 387, 388, 389, 393, 397, 399, 401, 402, 403, 408, 413, 415, 417, 420, 423, 427, 428, 429, 431, 433, 435, 438, 440, 441, 445, 447, 450, 454, 457, 460, 462, 463, 468, 469, 471, 479, 480, 481, 485, 487, 488, 490, 491, 496, 497, 498, 503, 504, 505, 508, 509, 512, 515, 517, 521, 522, 524, 528, 531, 533, 538, 546, 547, 557, 558, 559, 570, 574, 577, 579, 587, 590, 591, 593, 600, 604, 605, 606, 609, 610, 612, 613, 617, 622, 627, 629, 630, 632, 634, 644, 646, 647, 658, 661, 664, 668, 669, 670, 671, 676, 680, 684, 688, 690, 691, 693, 697, 699, 700, 703, 704, 706, 709, 710, 711, 714, 721, 724, 727, 732, 735, 736, 739, 744, 750, 764, 765, 769, 771, 775, 779, 781, 783, 785, 786, 789, 796, 801, 802, 806, 807, 808, 809, 811, 813, 814, 817, 821, 823, 825, 826, 828, 829, 832, 835, 839, 842, 843, 844, 845, 846, 850, 852, 854, 856, 857, 863, 864, 871, 872, 874, 878, 886, 891, 894, 895, 897, 898, 899, 904, 906, 909, 910, 912, 919, 921, 923, 924, 925, 927, 928, 929, 934, 935, 936, 939, 940, 941, 943, 952, 956, 958, 964, 965, 967, 968, 969, 972, 977, 980, 985, 992, 993, 999, 1004, 1008, 1009, 1010, 1018, 1020, 1021, 1026, 1031, 1032, 1035, 1043, 1048, 1049, 1051, 1052, 1056, 1061, 1064, 1067, 1068, 1070, 1072, 1074, 1075, 1077, 1078, 1087, 1089, 1091, 1093, 1094, 1097, 1100, 1107, 1108, 1118, 1122, 1125, 1126, 1127, 1129, 1132, 1135, 1136, 1138, 1139, 1140, 1143, 1151, 1152, 1154, 1160, 1162, 1164, 1165, 1167, 1173, 1183
Selected features super simple PSO: 1, 2, 6, 9, 10, 13, 14, 17, 18, 20, 26, 27, 28, 29, 31, 34, 36, 37, 38, 41, 45, 50, 56, 58, 59, 61, 67, 74, 75, 77, 78, 80, 81, 83, 90, 92, 93, 94, 96, 100, 105, 113, 115, 117, 119, 120, 121, 123, 125, 126, 127, 130, 133, 134, 135, 136, 137, 140, 144, 146, 150, 151, 154, 156, 161, 162, 164, 166, 169, 173, 175, 178, 180, 181, 182, 183, 184, 186, 189, 193, 194, 195, 197, 199, 200, 202, 203, 206, 208, 209, 211, 212, 213, 220, 221, 224, 225, 227, 228, 229, 230, 233, 235, 236, 241, 243, 247, 255, 257, 262, 263, 267, 268, 269, 274, 276, 293, 297, 300, 301, 302, 305, 306, 308, 309, 312, 313, 315, 316, 318, 322, 324, 325, 329, 330, 332, 334, 335, 336, 341, 343, 348, 352, 355, 356, 359, 360, 363, 364, 366, 371, 372, 373, 374, 377, 380, 382, 383, 384, 388, 393, 394, 395, 397, 398, 399, 400, 401, 404, 407, 408, 409, 410, 411, 414, 415, 418, 420, 423, 424, 426, 427, 431, 432, 433, 436, 440, 441, 444, 447, 449, 450, 453, 454, 456, 457, 458, 461, 463, 465, 466, 467, 468, 470, 471, 473, 474, 477, 481, 482, 485, 487, 495, 496, 497, 499, 504, 507, 509, 510, 511, 513, 514, 515, 517, 520, 521, 522, 523, 526, 528, 532, 533, 534, 535, 538, 539, 541, 543, 546, 548, 549, 550, 552, 553, 554, 555, 558, 561, 564, 565, 571, 574, 576, 577, 580, 581, 582, 583, 589, 592, 593, 595, 596, 599, 600, 603, 606, 607, 613, 618, 619, 620, 621, 622, 623, 625, 626, 630, 632, 634, 637, 638, 639, 640, 641, 642, 643, 645, 647, 648, 651, 652, 654, 655, 657, 658, 660, 662, 663, 665, 677, 681, 682, 683, 684, 691, 692, 693, 694, 697, 698, 703, 704, 706, 709, 710, 712, 720, 721, 722, 723, 724, 725, 726, 727, 729, 730, 731, 732, 733, 734, 735, 742, 743, 744, 747, 750, 751, 752, 753, 754, 757, 759, 761, 762, 763, 764, 765, 766, 768, 769, 775, 776, 778, 779, 782, 783, 785, 787, 788, 790, 791, 792, 793, 798, 802, 804, 805, 806, 807, 810, 812, 814, 817, 819, 821, 822, 824, 826, 827, 829, 830, 832, 836, 837, 838, 839, 840, 841, 842, 844, 847, 852, 855, 856, 859, 861, 862, 868, 874, 875, 877, 878, 880, 882, 883, 884, 886, 887, 888, 891, 893, 897, 898, 899, 903, 904, 906, 910, 911, 913, 916, 918, 919, 920, 922, 923, 924, 925, 928, 929, 931, 932, 933, 934, 936, 937, 939, 940, 945, 946, 947, 952, 955, 958, 965, 968, 972, 973, 976, 977, 978, 979, 983, 985, 986, 987, 988, 990, 993, 994, 999, 1001, 1002, 1003, 1005, 1006, 1008, 1014, 1017, 1018, 1020, 1021, 1022, 1023, 1024, 1030, 1031, 1033, 1039, 1042, 1043, 1045, 1048, 1049, 1053, 1057, 1058, 1059, 1063, 1064, 1068, 1070, 1073, 1074, 1079, 1080, 1081, 1082, 1083, 1085, 1089, 1090, 1095, 1097, 1099, 1101, 1104, 1106, 1107, 1110, 1111, 1113, 1120, 1123, 1125, 1128, 1129, 1132, 1136, 1139, 1141, 1146, 1147, 1154, 1156, 1157, 1167, 1168, 1169, 1173, 1174, 1179, 1181
--------------Fold 3----------------
Full feature f1 score micro: 0.6738
Fold selected standard PSO f1 score micro: 0.7865
Fold selected super PSO f1 score micro: 0.7257
Fold selected super simple PSO f1 score micro: 0.7344
Full feature f1 score macro: 0.5525
Fold selected standard PSO f1 score macro: 0.4488
Fold selected super PSO f1 score macro: 0.4121
Fold selected super simple PSO f1 score macro: 0.3873
Time of standard PSO: 34.3900
Time of super PSO: 52.2900
Time of super simple PSO: 14.2300
Selection standard PSO ratio: 0.34
Selection super PSO ratio: 0.42
Selection super simple PSO ratio: 0.42
Selected features standard PSO: 2, 9, 10, 13, 15, 18, 23, 25, 26, 28, 31, 32, 43, 44, 45, 46, 47, 50, 53, 57, 66, 67, 68, 69, 70, 75, 76, 78, 79, 80, 81, 84, 85, 87, 88, 89, 90, 91, 98, 99, 102, 103, 104, 109, 111, 113, 116, 119, 121, 130, 131, 138, 142, 145, 148, 158, 161, 162, 163, 164, 170, 171, 172, 176, 179, 182, 186, 190, 198, 200, 201, 202, 203, 204, 207, 208, 209, 211, 214, 216, 220, 227, 228, 232, 234, 237, 239, 240, 241, 250, 252, 259, 263, 264, 268, 271, 272, 275, 277, 279, 283, 284, 286, 287, 289, 296, 303, 304, 305, 306, 312, 314, 315, 316, 317, 320, 324, 327, 329, 331, 338, 339, 342, 346, 348, 351, 352, 353, 355, 356, 360, 367, 369, 370, 371, 374, 375, 379, 383, 384, 386, 387, 388, 389, 390, 397, 398, 399, 403, 405, 407, 420, 421, 422, 423, 427, 430, 432, 433, 435, 436, 439, 440, 442, 447, 450, 454, 458, 459, 464, 465, 466, 470, 471, 476, 480, 484, 485, 486, 487, 488, 489, 491, 493, 496, 497, 499, 503, 511, 514, 521, 522, 526, 531, 532, 535, 537, 540, 542, 543, 548, 549, 558, 561, 562, 566, 567, 568, 570, 578, 579, 591, 593, 595, 596, 599, 600, 605, 606, 617, 628, 631, 637, 638, 639, 641, 642, 643, 644, 647, 652, 653, 655, 658, 661, 665, 668, 669, 671, 681, 683, 684, 687, 694, 695, 696, 698, 703, 704, 705, 707, 709, 710, 713, 715, 720, 731, 734, 735, 739, 741, 745, 747, 748, 749, 756, 762, 765, 768, 769, 773, 775, 777, 780, 781, 785, 786, 789, 791, 792, 797, 798, 799, 801, 807, 809, 811, 824, 832, 836, 837, 840, 846, 847, 849, 851, 852, 855, 856, 859, 866, 868, 870, 873, 875, 877, 879, 883, 887, 892, 899, 904, 906, 914, 916, 920, 924, 925, 926, 928, 935, 939, 941, 949, 951, 954, 962, 963, 964, 966, 968, 970, 971, 976, 986, 990, 991, 996, 997, 1002, 1003, 1008, 1010, 1012, 1013, 1014, 1016, 1017, 1020, 1022, 1030, 1031, 1032, 1038, 1041, 1045, 1046, 1050, 1052, 1055, 1057, 1061, 1064, 1065, 1067, 1073, 1081, 1082, 1086, 1087, 1090, 1091, 1093, 1100, 1103, 1111, 1116, 1118, 1120, 1121, 1122, 1125, 1128, 1131, 1132, 1137, 1147, 1150, 1153, 1155, 1157, 1160, 1161, 1164, 1166, 1167, 1178, 1179, 1184
Selected features super PSO: 0, 1, 10, 11, 16, 26, 27, 28, 30, 32, 33, 38, 39, 45, 47, 48, 49, 51, 54, 56, 62, 67, 68, 73, 75, 77, 78, 82, 84, 85, 86, 87, 88, 91, 93, 94, 95, 97, 99, 100, 106, 108, 112, 115, 117, 122, 125, 128, 130, 131, 136, 137, 139, 141, 145, 146, 150, 152, 154, 155, 157, 159, 160, 162, 164, 167, 168, 169, 171, 172, 182, 184, 185, 188, 190, 191, 195, 203, 204, 206, 207, 209, 210, 212, 213, 216, 219, 221, 226, 227, 228, 229, 230, 231, 233, 234, 236, 237, 239, 243, 244, 248, 251, 252, 253, 257, 259, 260, 268, 271, 273, 282, 283, 284, 285, 290, 293, 294, 297, 298, 299, 300, 304, 306, 309, 310, 311, 314, 315, 323, 325, 328, 331, 332, 333, 334, 339, 340, 343, 344, 345, 354, 361, 363, 365, 367, 376, 377, 380, 381, 382, 383, 384, 388, 390, 392, 393, 397, 398, 399, 401, 402, 404, 405, 409, 411, 412, 414, 415, 417, 422, 425, 426, 431, 436, 439, 441, 442, 446, 449, 450, 451, 452, 453, 454, 455, 457, 458, 459, 461, 465, 466, 470, 473, 475, 476, 477, 478, 479, 481, 483, 484, 485, 489, 490, 493, 500, 501, 502, 504, 506, 508, 509, 513, 514, 517, 519, 521, 522, 524, 527, 528, 530, 532, 534, 535, 536, 537, 540, 542, 543, 544, 545, 546, 550, 557, 561, 563, 567, 571, 573, 574, 575, 578, 581, 582, 583, 586, 590, 591, 592, 593, 596, 598, 599, 602, 603, 605, 607, 610, 612, 613, 617, 620, 621, 623, 626, 627, 628, 631, 634, 635, 636, 637, 644, 646, 652, 655, 658, 660, 662, 663, 664, 665, 666, 671, 672, 673, 675, 677, 678, 680, 682, 684, 696, 697, 698, 699, 700, 702, 704, 705, 709, 710, 713, 715, 717, 720, 722, 726, 730, 731, 735, 737, 739, 741, 744, 747, 750, 751, 752, 756, 757, 763, 764, 765, 767, 773, 774, 775, 778, 780, 783, 784, 786, 788, 789, 798, 800, 803, 811, 816, 819, 826, 828, 831, 832, 834, 837, 842, 844, 847, 848, 849, 856, 858, 859, 860, 861, 862, 867, 869, 874, 876, 879, 881, 882, 883, 884, 885, 890, 891, 892, 894, 895, 896, 899, 902, 905, 906, 907, 908, 910, 915, 920, 922, 923, 926, 927, 928, 929, 936, 942, 943, 944, 946, 947, 953, 956, 963, 964, 965, 968, 970, 971, 973, 974, 975, 976, 977, 978, 980, 982, 987, 989, 992, 993, 994, 995, 996, 999, 1004, 1006, 1008, 1014, 1015, 1016, 1017, 1019, 1023, 1024, 1025, 1026, 1029, 1031, 1033, 1035, 1052, 1055, 1057, 1059, 1061, 1065, 1070, 1072, 1073, 1074, 1075, 1078, 1079, 1083, 1085, 1087, 1088, 1089, 1091, 1092, 1097, 1101, 1103, 1110, 1112, 1113, 1116, 1120, 1122, 1124, 1126, 1127, 1129, 1131, 1132, 1137, 1138, 1139, 1142, 1144, 1149, 1155, 1156, 1158, 1160, 1163, 1164, 1166, 1168, 1169, 1171, 1172, 1174, 1178, 1181, 1185
Selected features super simple PSO: 8, 11, 14, 16, 17, 21, 22, 24, 27, 32, 33, 34, 36, 39, 43, 48, 49, 51, 52, 56, 58, 63, 66, 67, 68, 69, 71, 72, 74, 76, 78, 83, 88, 89, 92, 96, 97, 99, 104, 106, 108, 111, 112, 115, 116, 119, 120, 125, 128, 129, 131, 132, 134, 138, 141, 142, 146, 147, 151, 152, 155, 156, 158, 160, 163, 165, 167, 168, 171, 174, 175, 177, 185, 191, 193, 194, 198, 199, 200, 201, 202, 205, 206, 207, 210, 214, 215, 217, 218, 224, 225, 226, 227, 228, 230, 235, 236, 238, 241, 245, 249, 252, 254, 255, 256, 257, 260, 262, 264, 265, 266, 268, 273, 282, 286, 287, 289, 292, 294, 298, 302, 308, 309, 311, 312, 313, 316, 318, 319, 330, 332, 335, 336, 337, 342, 344, 346, 349, 352, 353, 357, 358, 360, 362, 364, 367, 373, 377, 379, 382, 383, 384, 389, 390, 391, 392, 397, 399, 401, 402, 404, 407, 408, 409, 410, 411, 413, 417, 419, 420, 421, 422, 425, 430, 439, 442, 443, 446, 450, 454, 458, 459, 460, 461, 466, 471, 474, 476, 477, 479, 480, 483, 486, 487, 488, 491, 497, 498, 499, 504, 505, 513, 516, 517, 519, 522, 523, 524, 526, 528, 534, 535, 537, 540, 545, 546, 551, 553, 557, 559, 561, 563, 565, 567, 568, 569, 570, 571, 572, 574, 575, 578, 583, 584, 585, 587, 588, 591, 592, 598, 599, 601, 609, 612, 613, 616, 617, 621, 622, 624, 625, 626, 628, 634, 637, 638, 640, 643, 647, 649, 650, 651, 654, 656, 658, 660, 661, 663, 665, 666, 667, 669, 670, 674, 679, 684, 686, 689, 690, 691, 692, 693, 695, 696, 699, 700, 702, 706, 707, 709, 713, 714, 716, 718, 719, 720, 721, 722, 724, 725, 727, 729, 732, 733, 734, 737, 739, 744, 745, 747, 748, 749, 752, 759, 761, 763, 766, 767, 768, 769, 772, 776, 777, 778, 779, 780, 788, 791, 793, 796, 798, 799, 802, 803, 805, 809, 817, 818, 821, 822, 826, 827, 833, 837, 839, 840, 841, 846, 847, 848, 850, 852, 853, 854, 855, 858, 861, 864, 865, 867, 870, 871, 873, 875, 876, 878, 879, 880, 883, 884, 885, 888, 890, 891, 893, 895, 896, 898, 899, 901, 902, 904, 913, 916, 917, 919, 920, 923, 925, 927, 933, 934, 940, 941, 942, 944, 946, 948, 950, 952, 954, 960, 961, 962, 965, 966, 972, 973, 976, 978, 984, 987, 989, 993, 999, 1000, 1001, 1002, 1003, 1004, 1008, 1009, 1015, 1017, 1018, 1019, 1021, 1025, 1026, 1032, 1033, 1034, 1035, 1036, 1038, 1041, 1044, 1046, 1050, 1052, 1053, 1054, 1056, 1059, 1060, 1062, 1063, 1065, 1066, 1069, 1070, 1075, 1076, 1079, 1080, 1083, 1084, 1085, 1088, 1093, 1094, 1095, 1097, 1098, 1101, 1105, 1106, 1108, 1109, 1110, 1113, 1115, 1119, 1120, 1122, 1124, 1125, 1130, 1131, 1132, 1134, 1136, 1137, 1141, 1144, 1148, 1150, 1154, 1156, 1159, 1161, 1162, 1168, 1169, 1174, 1177, 1178, 1179, 1180, 1182, 1183, 1184
--------------Average----------------
Ave Full Accuracy micro: 0.7032
Ave Standard PSO Selection Accuracy micro: 0.8299
Ave Super PSO Selection Accuracy micro: 0.6468
Ave Super simple PSO Selection Accuracy  micro: 0.7802
Ave Full Accuracy macro: 0.5916
Ave Standard PSO Selection Accuracy macro: 0.4702
Ave Super PSO Selection Accuracy macro: 0.3896
Ave Super simple PSO Selection Accuracy macro: 0.4882
Ave time of Standard PSO: 35.1933
Ave time of Super PSO: 51.7933
Ave time of Super simple PSO: 14.1667
Ave Standard PSO Feature Ratio: 0.37
Ave Super PSO Feature Ratio: 0.38
Ave Super simple PSO Feature Ratio: 0.40
