--------------Fold 1----------------
Full feature f1 score micro: 0.7225
Fold selected standard PSO f1 score micro: 0.6991
Fold selected super PSO f1 score micro: 0.7102
Fold selected super simple PSO f1 score micro: 0.7120
Full feature f1 score macro: 0.7349
Fold selected standard PSO f1 score macro: 0.7091
Fold selected super PSO f1 score macro: 0.7202
Fold selected super simple PSO f1 score macro: 0.7254
Time of standard PSO: 62.6700
Time of super PSO: 98.0600
Time of super simple PSO: 43.1600
Selection standard PSO ratio: 0.37
Selection super PSO ratio: 0.44
Selection super simple PSO ratio: 0.34
Selected features standard PSO: 0, 1, 6, 7, 12, 15, 19, 26, 28, 30, 31, 32, 34, 35, 39, 40, 41, 42, 46, 51, 55, 58, 59, 63, 67, 68, 70, 72, 79, 80, 81, 86, 87, 89, 95, 96, 98, 105, 109, 110, 111, 114, 115, 116, 118, 122, 124, 125, 133, 138, 139, 142, 143, 144, 148, 151, 152, 153, 157, 160, 161, 171, 172, 178, 179, 182, 187, 191, 198, 201, 204, 205, 206, 216, 218, 225, 226, 227, 228, 230, 233, 234, 235, 237, 238, 240, 243, 246, 249, 251, 252, 254, 256, 260, 263, 264, 265, 268, 270, 271, 272, 280, 283, 285, 286, 287, 288, 289, 291, 293
Selected features super PSO: 2, 8, 10, 14, 17, 23, 28, 31, 32, 33, 34, 35, 37, 39, 40, 43, 44, 45, 50, 53, 55, 60, 64, 72, 79, 80, 83, 84, 87, 89, 90, 91, 92, 95, 96, 97, 98, 101, 102, 103, 105, 106, 107, 109, 110, 115, 116, 117, 120, 121, 122, 123, 124, 127, 128, 131, 132, 136, 138, 145, 146, 147, 151, 152, 155, 158, 159, 161, 165, 167, 169, 170, 171, 172, 174, 175, 182, 185, 190, 196, 197, 200, 207, 208, 209, 210, 212, 213, 215, 216, 217, 220, 222, 224, 226, 228, 229, 231, 233, 238, 239, 241, 242, 243, 246, 247, 252, 254, 256, 257, 260, 262, 265, 266, 267, 268, 269, 271, 276, 278, 279, 280, 282, 283, 284, 285, 287, 289, 290, 292
Selected features super simple PSO: 1, 4, 6, 9, 11, 12, 16, 19, 20, 22, 23, 24, 25, 26, 31, 32, 35, 36, 37, 38, 46, 48, 53, 55, 57, 61, 62, 63, 66, 69, 71, 74, 75, 78, 79, 83, 85, 94, 95, 96, 101, 107, 111, 113, 115, 117, 121, 122, 128, 129, 130, 135, 137, 139, 141, 144, 148, 149, 158, 163, 167, 183, 185, 186, 187, 190, 191, 195, 198, 202, 203, 204, 206, 210, 212, 215, 226, 227, 228, 231, 232, 240, 242, 243, 245, 248, 257, 258, 259, 265, 268, 271, 275, 277, 278, 279, 282, 283, 287, 289, 293
--------------Fold 2----------------
Full feature f1 score micro: 0.6963
Fold selected standard PSO f1 score micro: 0.6895
Fold selected super PSO f1 score micro: 0.6792
Fold selected super simple PSO f1 score micro: 0.6855
Full feature f1 score macro: 0.7011
Fold selected standard PSO f1 score macro: 0.6998
Fold selected super PSO f1 score macro: 0.6859
Fold selected super simple PSO f1 score macro: 0.6928
Time of standard PSO: 57.8700
Time of super PSO: 96.9000
Time of super simple PSO: 41.8700
Selection standard PSO ratio: 0.37
Selection super PSO ratio: 0.39
Selection super simple PSO ratio: 0.38
Selected features standard PSO: 3, 5, 9, 16, 17, 20, 21, 23, 28, 30, 36, 39, 40, 43, 44, 48, 49, 51, 54, 55, 58, 62, 64, 65, 66, 67, 69, 71, 72, 75, 77, 78, 81, 82, 85, 86, 87, 88, 91, 94, 97, 99, 103, 111, 115, 117, 119, 120, 121, 122, 125, 127, 131, 132, 134, 137, 138, 140, 145, 149, 150, 151, 154, 155, 158, 164, 166, 169, 170, 177, 180, 181, 187, 194, 200, 202, 206, 208, 210, 211, 213, 215, 216, 219, 223, 226, 230, 233, 238, 241, 242, 243, 246, 249, 251, 253, 259, 260, 261, 264, 266, 270, 271, 277, 284, 288, 289, 290, 293
Selected features super PSO: 0, 2, 4, 8, 9, 11, 13, 15, 17, 18, 20, 21, 34, 36, 38, 40, 41, 44, 45, 46, 48, 51, 53, 56, 62, 68, 69, 71, 73, 75, 77, 79, 82, 85, 86, 87, 90, 91, 92, 99, 101, 103, 106, 109, 111, 114, 115, 116, 119, 120, 122, 123, 126, 129, 133, 138, 141, 143, 144, 147, 151, 158, 159, 161, 162, 166, 168, 169, 172, 175, 183, 186, 188, 189, 190, 193, 203, 208, 211, 213, 218, 220, 221, 223, 224, 226, 227, 229, 230, 232, 235, 240, 241, 243, 245, 248, 253, 254, 255, 257, 261, 262, 264, 266, 267, 268, 272, 275, 276, 282, 284, 285, 287, 288, 289, 291
Selected features super simple PSO: 1, 3, 5, 8, 12, 13, 14, 18, 20, 21, 23, 26, 28, 32, 40, 47, 56, 62, 66, 68, 69, 70, 71, 72, 73, 74, 76, 77, 81, 83, 89, 90, 92, 96, 97, 99, 106, 109, 110, 113, 119, 123, 124, 125, 126, 128, 129, 133, 135, 136, 142, 144, 145, 146, 148, 152, 154, 156, 158, 161, 166, 170, 172, 173, 174, 183, 184, 186, 189, 192, 198, 200, 203, 205, 206, 208, 211, 215, 218, 224, 227, 228, 229, 231, 233, 234, 237, 241, 243, 246, 248, 249, 250, 253, 255, 258, 261, 264, 266, 267, 270, 272, 278, 279, 280, 281, 282, 285, 287, 289, 290
--------------Fold 3----------------
Full feature f1 score micro: 0.7233
Fold selected standard PSO f1 score micro: 0.7174
Fold selected super PSO f1 score micro: 0.7188
Fold selected super simple PSO f1 score micro: 0.7214
Full feature f1 score macro: 0.7271
Fold selected standard PSO f1 score macro: 0.7247
Fold selected super PSO f1 score macro: 0.7258
Fold selected super simple PSO f1 score macro: 0.7284
Time of standard PSO: 54.4800
Time of super PSO: 96.6000
Time of super simple PSO: 42.8000
Selection standard PSO ratio: 0.37
Selection super PSO ratio: 0.36
Selection super simple PSO ratio: 0.37
Selected features standard PSO: 0, 1, 4, 9, 10, 12, 15, 19, 24, 26, 27, 29, 37, 38, 43, 46, 48, 50, 53, 56, 59, 62, 70, 74, 75, 76, 77, 78, 79, 80, 83, 87, 88, 90, 93, 94, 97, 98, 99, 103, 105, 108, 109, 112, 114, 127, 131, 135, 136, 137, 139, 141, 143, 146, 147, 148, 150, 155, 157, 158, 161, 164, 165, 168, 169, 170, 171, 174, 176, 178, 179, 180, 184, 186, 189, 190, 195, 197, 208, 210, 217, 219, 221, 223, 229, 231, 235, 236, 238, 239, 241, 246, 247, 250, 251, 254, 256, 258, 261, 264, 267, 268, 272, 273, 276, 277, 287, 289, 291, 293
Selected features super PSO: 0, 1, 3, 8, 12, 13, 15, 19, 21, 23, 25, 28, 30, 34, 35, 38, 40, 41, 43, 44, 45, 50, 52, 59, 62, 63, 70, 72, 76, 79, 83, 84, 87, 100, 101, 104, 106, 107, 108, 109, 111, 112, 113, 117, 119, 121, 122, 125, 128, 129, 132, 133, 137, 140, 145, 146, 160, 161, 164, 165, 166, 169, 171, 174, 176, 177, 179, 180, 182, 186, 188, 189, 195, 196, 197, 202, 204, 211, 212, 213, 214, 217, 222, 223, 226, 228, 230, 232, 237, 239, 241, 247, 250, 252, 254, 258, 263, 265, 266, 268, 273, 278, 281, 289, 292, 293
Selected features super simple PSO: 0, 6, 8, 11, 13, 14, 15, 17, 20, 22, 25, 26, 30, 32, 35, 36, 39, 40, 42, 46, 52, 57, 59, 60, 62, 66, 69, 70, 71, 74, 75, 77, 83, 85, 86, 88, 89, 92, 94, 98, 99, 101, 109, 113, 114, 116, 118, 121, 124, 128, 131, 135, 143, 144, 145, 147, 149, 151, 153, 154, 155, 160, 164, 165, 166, 169, 170, 171, 172, 173, 175, 181, 182, 184, 186, 188, 189, 191, 196, 199, 201, 208, 209, 211, 213, 215, 216, 218, 219, 226, 227, 228, 232, 233, 235, 239, 242, 243, 244, 257, 260, 264, 267, 272, 273, 277, 278, 280, 293
--------------Average----------------
Ave Full Accuracy micro: 0.7140
Ave Standard PSO Selection Accuracy micro: 0.7020
Ave Super PSO Selection Accuracy micro: 0.7027
Ave Super simple PSO Selection Accuracy  micro: 0.7063
Ave Full Accuracy macro: 0.7210
Ave Standard PSO Selection Accuracy macro: 0.7112
Ave Super PSO Selection Accuracy macro: 0.7107
Ave Super simple PSO Selection Accuracy macro: 0.7155
Ave time of Standard PSO: 58.3400
Ave time of Super PSO: 97.1867
Ave time of Super simple PSO: 42.6100
Ave Standard PSO Feature Ratio: 0.37
Ave Super PSO Feature Ratio: 0.40
Ave Super simple PSO Feature Ratio: 0.36
