--------------Fold 1----------------
Full feature standard hamming loss: 0.0925
Full feature super label hamming loss: 0.0877
Standard fold selected hamming loss: 0.1019
Super label fold selected hamming loss: 0.0970
Time of standard PSO: 62.6900
Time of super label PSO: 101.9400
Selection ratio standard: 0.47
Selection ratio super label: 0.39
Selected features standard: 4, 5, 6, 7, 8, 9, 10, 11, 14, 17, 19, 20, 23, 24, 25, 27, 28, 33, 35, 38, 39, 41, 43, 45, 47, 53, 54, 56, 57, 62, 66, 67, 68, 72, 74, 76, 77, 78, 79, 80, 83, 85, 88, 89, 93, 94, 95, 99, 101, 102, 104, 106, 107, 108, 109, 111, 112, 114, 116, 118, 120, 121, 122, 125, 132, 134, 141, 142, 144, 146, 147, 152, 153, 154, 155, 156, 157, 159, 168, 171, 173, 178, 181, 188, 189, 190, 191, 192, 194, 197, 199, 202, 205, 208, 209, 210, 213, 214, 215, 216, 217, 221, 225, 226, 228, 229, 230, 233, 234, 236, 240, 241, 243, 244, 245, 248, 250, 255, 256, 257, 261, 262, 266, 269, 271, 274, 276, 277, 278, 279, 281, 283, 284, 285, 287, 289, 291, 292, 293
Selected features super label: 3, 4, 5, 6, 8, 9, 12, 15, 16, 19, 23, 24, 25, 26, 28, 29, 31, 32, 40, 41, 42, 43, 45, 49, 50, 53, 54, 56, 60, 61, 65, 67, 68, 69, 70, 71, 73, 75, 76, 78, 81, 85, 86, 100, 101, 103, 108, 110, 115, 124, 125, 127, 130, 131, 137, 138, 139, 141, 144, 145, 147, 151, 152, 157, 162, 163, 165, 170, 171, 181, 183, 187, 188, 189, 191, 192, 193, 197, 199, 202, 203, 204, 208, 209, 211, 212, 214, 215, 218, 226, 230, 231, 234, 235, 238, 240, 242, 243, 244, 245, 248, 249, 251, 253, 255, 263, 266, 270, 271, 279, 281, 282, 285, 289, 292, 293
--------------Fold 2----------------
Full feature standard hamming loss: 0.0952
Full feature super label hamming loss: 0.0925
Standard fold selected hamming loss: 0.0935
Super label fold selected hamming loss: 0.0952
Time of standard PSO: 57.4700
Time of super label PSO: 101.9600
Selection ratio standard: 0.45
Selection ratio super label: 0.43
Selected features standard: 0, 1, 2, 4, 5, 7, 10, 11, 13, 17, 19, 22, 23, 26, 28, 30, 32, 34, 35, 38, 42, 44, 45, 48, 50, 54, 57, 59, 60, 61, 62, 64, 65, 69, 70, 71, 74, 80, 81, 82, 87, 88, 89, 90, 93, 96, 100, 102, 107, 109, 110, 111, 113, 114, 116, 117, 118, 119, 121, 122, 123, 126, 130, 141, 144, 146, 147, 150, 152, 154, 155, 158, 163, 168, 169, 172, 173, 175, 177, 183, 184, 185, 186, 188, 189, 192, 194, 195, 196, 199, 203, 204, 208, 210, 211, 212, 216, 219, 221, 222, 224, 227, 230, 233, 234, 235, 239, 242, 243, 245, 246, 248, 250, 251, 254, 256, 257, 260, 262, 264, 268, 270, 271, 273, 274, 275, 279, 280, 283, 285, 287, 290, 291
Selected features super label: 4, 8, 10, 15, 18, 22, 23, 24, 26, 29, 30, 32, 33, 34, 37, 41, 44, 46, 47, 48, 49, 53, 54, 55, 59, 60, 63, 67, 69, 72, 74, 76, 79, 85, 86, 89, 90, 93, 94, 96, 97, 103, 106, 109, 110, 111, 112, 114, 115, 121, 128, 129, 130, 132, 134, 135, 136, 143, 144, 145, 146, 149, 150, 152, 153, 154, 155, 156, 157, 158, 160, 162, 163, 164, 165, 166, 167, 173, 179, 180, 186, 190, 191, 192, 194, 195, 197, 201, 202, 206, 207, 212, 215, 218, 222, 223, 226, 227, 229, 232, 233, 236, 238, 239, 241, 242, 245, 248, 250, 256, 257, 259, 260, 263, 266, 267, 271, 274, 275, 276, 277, 279, 286, 287, 288, 293
--------------Fold 3----------------
Full feature standard hamming loss: 0.1006
Full feature super label hamming loss: 0.0999
Standard fold selected hamming loss: 0.0958
Super label fold selected hamming loss: 0.1034
Time of standard PSO: 57.0000
Time of super label PSO: 100.1700
Selection ratio standard: 0.32
Selection ratio super label: 0.38
Selected features standard: 6, 7, 10, 14, 15, 16, 26, 28, 32, 35, 39, 42, 44, 47, 48, 55, 56, 62, 64, 69, 72, 75, 77, 79, 86, 88, 89, 90, 93, 100, 102, 104, 107, 108, 109, 110, 114, 123, 126, 131, 134, 135, 137, 144, 147, 149, 150, 151, 152, 157, 159, 160, 161, 165, 168, 169, 171, 172, 181, 183, 184, 187, 188, 189, 191, 194, 198, 202, 213, 214, 216, 221, 223, 228, 229, 231, 234, 238, 243, 247, 251, 257, 258, 259, 260, 261, 265, 273, 277, 278, 281, 284, 287, 291
Selected features super label: 2, 5, 8, 10, 14, 15, 18, 19, 21, 23, 29, 31, 32, 33, 34, 40, 44, 46, 49, 54, 59, 60, 61, 64, 65, 66, 68, 70, 78, 80, 83, 85, 86, 90, 92, 93, 100, 101, 102, 103, 108, 109, 114, 116, 117, 120, 124, 125, 129, 132, 135, 136, 137, 139, 142, 144, 145, 146, 147, 148, 150, 154, 156, 158, 159, 161, 166, 167, 169, 170, 171, 174, 178, 182, 186, 188, 189, 197, 198, 199, 206, 208, 210, 216, 220, 226, 227, 230, 233, 234, 235, 238, 242, 246, 247, 248, 251, 256, 258, 261, 266, 268, 269, 271, 272, 276, 279, 280, 281, 282, 284, 287
--------------Fold 4----------------
Full feature standard hamming loss: 0.0856
Full feature super label hamming loss: 0.0853
Standard fold selected hamming loss: 0.1042
Super label fold selected hamming loss: 0.1067
Time of standard PSO: 57.1700
Time of super label PSO: 100.9700
Selection ratio standard: 0.33
Selection ratio super label: 0.36
Selected features standard: 1, 3, 11, 13, 15, 17, 22, 25, 26, 27, 29, 32, 33, 38, 39, 40, 42, 45, 46, 48, 49, 50, 51, 52, 54, 55, 60, 62, 64, 70, 71, 72, 83, 86, 88, 89, 101, 102, 103, 105, 112, 113, 114, 115, 118, 119, 121, 124, 129, 131, 142, 149, 155, 158, 161, 163, 168, 171, 173, 175, 176, 177, 178, 183, 184, 187, 194, 197, 198, 200, 204, 205, 208, 209, 210, 212, 213, 214, 221, 225, 227, 230, 232, 235, 236, 247, 256, 258, 260, 262, 266, 267, 272, 274, 277, 278, 281
Selected features super label: 2, 5, 6, 11, 16, 20, 22, 23, 25, 31, 32, 36, 38, 41, 45, 46, 47, 48, 49, 53, 54, 55, 56, 58, 59, 60, 66, 70, 73, 76, 79, 81, 82, 88, 90, 93, 96, 97, 98, 100, 102, 103, 106, 107, 109, 111, 112, 116, 117, 121, 124, 130, 134, 137, 139, 140, 144, 145, 146, 152, 153, 160, 162, 168, 169, 182, 183, 187, 188, 191, 192, 195, 196, 198, 199, 202, 205, 216, 218, 219, 220, 225, 226, 227, 228, 230, 231, 236, 237, 242, 250, 251, 257, 260, 266, 268, 272, 273, 274, 275, 276, 278, 281, 286, 287, 293
--------------Fold 5----------------
Full feature standard hamming loss: 0.0978
Full feature super label hamming loss: 0.1075
Standard fold selected hamming loss: 0.0967
Super label fold selected hamming loss: 0.0985
Time of standard PSO: 56.7700
Time of super label PSO: 101.0100
Selection ratio standard: 0.33
Selection ratio super label: 0.44
Selected features standard: 1, 2, 6, 7, 9, 14, 17, 20, 22, 23, 32, 34, 37, 38, 39, 44, 45, 46, 62, 66, 68, 70, 73, 74, 78, 80, 81, 84, 90, 97, 104, 107, 109, 117, 122, 123, 129, 130, 133, 134, 135, 137, 143, 145, 148, 150, 152, 153, 154, 161, 167, 177, 180, 187, 188, 191, 192, 193, 195, 196, 198, 199, 200, 201, 203, 205, 209, 210, 213, 215, 216, 217, 221, 222, 223, 224, 226, 230, 234, 237, 238, 239, 242, 245, 246, 248, 250, 256, 258, 260, 261, 264, 265, 266, 269, 275, 291
Selected features super label: 0, 1, 2, 3, 4, 5, 9, 10, 11, 12, 16, 18, 21, 22, 26, 31, 32, 35, 36, 38, 42, 43, 45, 46, 49, 51, 53, 54, 55, 58, 59, 61, 63, 64, 67, 70, 76, 77, 78, 79, 83, 84, 86, 87, 88, 89, 90, 93, 99, 108, 109, 110, 114, 120, 121, 122, 124, 127, 129, 130, 133, 136, 137, 144, 145, 146, 148, 151, 154, 158, 164, 167, 171, 173, 176, 177, 180, 181, 183, 186, 188, 189, 190, 191, 194, 196, 198, 199, 205, 211, 215, 216, 218, 219, 225, 227, 228, 231, 232, 233, 236, 237, 238, 243, 244, 248, 249, 251, 252, 253, 256, 258, 260, 265, 267, 268, 270, 274, 275, 276, 277, 280, 284, 286, 287, 288, 291, 292, 293
--------------Average----------------
Ave Standard Full Accuracy: 0.0944
Ave Super label Full Accuracy: 0.0946
Ave Standard Selection Accuracy: 0.0984
Ave Selection Super label Accuracy: 0.1002
Ave time of standard PSO: 58.2200
Ave time of super label PSO: 101.2100
Ave Standard Feature Ratio: 0.38
Ave Super label Feature Ratio: 0.40
