--------------Fold 1----------------
Full feature f1 score micro: 0.7054
Fold selected f1 score micro: 0.2550
Time of PSO: 122.0600
Selection ratio: 0.34
Selected features: 0, 3, 9, 15, 16, 18, 19, 20, 21, 26, 28, 29, 30, 31, 38, 41, 44, 46, 48, 51, 52, 54, 55, 56, 58, 62, 63, 67, 68, 69, 70, 75, 78, 82, 92, 95, 97, 98, 99, 100, 107, 113, 116, 117, 118, 120, 121, 123, 125, 126, 128, 129, 130, 132, 136, 137, 138, 139, 150, 151, 152, 155, 165, 168, 174, 179, 185, 189, 192, 193, 196, 197, 198, 202, 205, 207, 211, 214, 223, 230, 232, 233, 237, 241, 247, 251, 252, 254, 260, 265, 268, 273, 274, 276, 282, 283, 284, 290, 302, 306, 308, 310, 314, 316, 320, 321, 322, 324, 325, 327, 328, 329, 330, 333, 335, 336, 337, 338, 345, 346, 349, 355, 361, 362, 364, 365, 366, 370, 373, 374, 375, 377, 383, 385, 390, 395, 397, 398, 399, 400, 403, 407, 408, 413, 417, 419, 425, 426, 427, 429, 434, 441, 442, 446, 452, 455, 456, 460, 462, 470, 472, 477, 478, 483, 484, 492, 497, 501, 504, 505, 506, 508, 509, 510, 511, 514, 516, 518, 519, 521, 523, 526, 528, 537, 538, 542, 543, 544, 546, 548, 550, 552, 554, 564, 565, 575, 576, 579, 580, 584, 589, 592, 594, 597, 599, 604, 605, 608, 609, 613, 616, 625, 626, 632, 638, 640, 641, 646, 647, 648, 649, 652, 654, 657, 659, 660, 661, 662, 664, 672, 674, 675, 676, 678, 680, 682, 683, 686, 688, 691, 692, 693, 696, 704, 707, 711, 712, 717, 724, 729, 730, 732, 733, 740, 743, 746, 747, 748, 749, 751, 757, 760, 762, 767, 768, 769, 772, 773, 781, 782, 795, 798, 799, 801, 805, 806, 809, 811, 814, 815, 817, 824, 827, 831, 838, 839, 842, 846, 847, 849, 854, 857, 861, 862, 864, 866, 869, 873, 879, 880, 885, 888, 892, 893, 894, 895, 898, 908, 909, 910, 913, 917, 925, 926, 928, 932, 933, 935, 937, 938, 940, 945, 946, 948, 949, 951, 953, 961, 966, 967, 970, 972, 974, 977, 981, 985, 986, 989, 1001, 1008, 1010, 1016, 1018, 1019, 1028, 1029, 1030, 1036, 1037, 1045, 1047, 1053, 1054, 1057, 1061, 1062, 1064, 1065, 1068, 1069, 1071, 1073, 1075, 1076, 1077, 1078, 1086, 1088, 1092, 1093, 1094, 1095, 1098, 1099, 1103, 1112, 1115, 1117, 1118, 1133, 1137, 1141, 1144, 1146, 1148, 1150, 1151, 1152, 1161, 1168, 1169, 1172, 1174, 1177, 1181, 1182, 1183, 1186, 1189, 1193, 1197, 1198, 1202, 1203, 1204, 1206, 1207, 1208, 1209, 1212, 1219, 1220, 1225, 1226, 1228, 1229, 1230, 1232, 1240, 1241, 1243, 1244, 1245, 1248, 1249, 1251, 1252, 1256, 1257, 1259, 1262, 1263, 1264, 1266, 1268, 1269, 1270, 1272, 1277, 1280, 1283, 1287, 1288, 1289, 1291, 1292, 1295, 1296, 1299, 1301, 1302, 1306, 1308, 1313, 1317, 1319, 1321, 1323, 1330, 1332, 1337, 1341, 1343, 1350, 1351, 1352, 1356, 1357, 1364, 1367, 1373, 1376, 1378, 1379, 1381, 1383, 1385, 1386, 1389, 1390, 1392, 1397, 1399, 1410, 1411, 1415, 1426, 1428, 1431, 1433, 1435, 1438, 1439, 1440, 1441, 1442, 1448
--------------Fold 2----------------
Full feature f1 score micro: 0.7056
Fold selected f1 score micro: 0.3018
Time of PSO: 132.3400
Selection ratio: 0.32
Selected features: 0, 9, 13, 15, 17, 24, 28, 31, 33, 36, 38, 41, 42, 43, 44, 45, 47, 53, 55, 58, 61, 63, 64, 65, 69, 74, 77, 79, 81, 83, 84, 85, 94, 96, 98, 100, 108, 109, 114, 118, 119, 123, 124, 126, 127, 132, 134, 137, 138, 140, 142, 146, 151, 160, 162, 166, 175, 182, 192, 194, 195, 196, 202, 206, 207, 208, 211, 213, 217, 220, 222, 227, 231, 233, 234, 235, 237, 238, 249, 251, 252, 256, 258, 260, 270, 271, 273, 280, 281, 283, 285, 289, 294, 299, 302, 306, 307, 313, 316, 321, 322, 324, 325, 328, 335, 342, 347, 349, 352, 353, 354, 364, 371, 372, 377, 378, 381, 383, 387, 390, 395, 396, 398, 400, 402, 411, 412, 413, 414, 415, 419, 421, 422, 425, 429, 430, 431, 432, 434, 441, 444, 445, 446, 448, 450, 451, 453, 454, 461, 462, 463, 468, 469, 472, 482, 483, 484, 492, 495, 502, 510, 511, 517, 524, 526, 527, 530, 532, 540, 546, 552, 556, 558, 563, 568, 569, 570, 578, 579, 581, 583, 584, 586, 587, 589, 591, 601, 602, 603, 604, 608, 609, 610, 611, 612, 617, 618, 619, 628, 629, 630, 632, 635, 640, 641, 642, 643, 647, 648, 650, 655, 657, 658, 660, 662, 663, 669, 670, 674, 677, 679, 687, 688, 696, 698, 699, 701, 706, 707, 709, 715, 716, 718, 719, 723, 724, 728, 738, 745, 746, 747, 748, 749, 756, 758, 759, 760, 761, 762, 768, 776, 778, 785, 787, 788, 789, 791, 795, 798, 802, 806, 808, 813, 814, 816, 823, 830, 837, 838, 844, 847, 857, 865, 867, 868, 873, 877, 878, 886, 889, 890, 891, 892, 895, 897, 901, 902, 909, 910, 911, 912, 914, 919, 921, 924, 926, 927, 928, 929, 930, 932, 933, 937, 938, 941, 944, 948, 949, 950, 952, 955, 956, 957, 962, 969, 972, 976, 978, 983, 988, 992, 995, 999, 1000, 1004, 1006, 1007, 1012, 1016, 1018, 1021, 1023, 1027, 1032, 1033, 1035, 1037, 1041, 1043, 1052, 1060, 1061, 1062, 1063, 1064, 1066, 1069, 1071, 1073, 1075, 1079, 1081, 1086, 1090, 1096, 1097, 1098, 1099, 1100, 1103, 1104, 1108, 1109, 1110, 1116, 1124, 1125, 1127, 1128, 1129, 1143, 1149, 1151, 1153, 1155, 1157, 1159, 1161, 1166, 1167, 1179, 1189, 1197, 1206, 1208, 1209, 1210, 1211, 1218, 1222, 1223, 1224, 1226, 1227, 1228, 1230, 1234, 1242, 1243, 1244, 1249, 1253, 1256, 1259, 1260, 1264, 1265, 1266, 1269, 1271, 1273, 1285, 1286, 1288, 1289, 1290, 1291, 1295, 1300, 1301, 1303, 1306, 1307, 1317, 1318, 1321, 1324, 1326, 1327, 1328, 1329, 1333, 1339, 1340, 1345, 1350, 1354, 1356, 1357, 1364, 1371, 1373, 1374, 1375, 1376, 1378, 1380, 1384, 1388, 1389, 1390, 1391, 1394, 1398, 1399, 1400, 1407, 1414, 1417, 1424, 1427, 1428, 1430, 1435, 1436, 1439, 1441, 1443, 1445, 1446
--------------Fold 3----------------
Full feature f1 score micro: 0.6565
Fold selected f1 score micro: 0.3679
Time of PSO: 157.5100
Selection ratio: 0.36
Selected features: 0, 1, 2, 3, 8, 9, 12, 13, 14, 15, 21, 26, 27, 33, 38, 39, 40, 41, 42, 43, 44, 47, 48, 51, 53, 55, 60, 64, 65, 67, 68, 69, 71, 77, 89, 90, 92, 93, 99, 101, 104, 105, 108, 109, 111, 116, 118, 122, 123, 127, 129, 134, 135, 139, 141, 147, 150, 157, 165, 167, 168, 170, 171, 173, 176, 180, 181, 183, 186, 190, 191, 194, 195, 197, 198, 199, 200, 201, 202, 204, 205, 206, 216, 221, 223, 227, 229, 231, 232, 233, 238, 241, 242, 244, 247, 254, 256, 257, 262, 268, 270, 274, 278, 281, 282, 286, 287, 289, 293, 297, 298, 299, 301, 302, 303, 306, 307, 309, 317, 324, 326, 330, 331, 332, 334, 337, 339, 341, 343, 346, 348, 349, 352, 359, 361, 366, 372, 374, 376, 381, 382, 384, 386, 395, 396, 405, 407, 409, 417, 418, 420, 426, 429, 437, 438, 442, 445, 446, 458, 464, 469, 474, 475, 476, 480, 483, 486, 489, 491, 495, 504, 505, 508, 509, 511, 515, 517, 521, 525, 529, 530, 531, 534, 538, 541, 544, 545, 546, 547, 549, 551, 552, 554, 555, 557, 562, 563, 567, 569, 570, 572, 573, 574, 577, 587, 588, 593, 598, 600, 607, 611, 618, 619, 621, 622, 623, 630, 632, 635, 638, 647, 649, 655, 658, 659, 663, 664, 665, 670, 674, 675, 677, 678, 679, 681, 686, 689, 696, 701, 702, 706, 710, 711, 712, 716, 717, 726, 730, 731, 735, 737, 739, 740, 741, 742, 748, 749, 752, 755, 758, 759, 760, 761, 763, 766, 768, 769, 770, 771, 778, 779, 780, 781, 787, 794, 796, 798, 807, 808, 810, 811, 812, 814, 815, 819, 821, 822, 823, 828, 832, 834, 842, 843, 844, 847, 848, 849, 851, 852, 854, 855, 858, 863, 865, 866, 869, 872, 873, 874, 875, 876, 877, 878, 881, 887, 888, 889, 890, 896, 897, 899, 903, 907, 909, 910, 912, 915, 916, 918, 919, 920, 922, 925, 926, 930, 932, 934, 935, 936, 937, 941, 947, 949, 950, 953, 954, 956, 965, 966, 967, 973, 974, 976, 979, 982, 983, 984, 985, 986, 995, 998, 999, 1009, 1010, 1016, 1023, 1024, 1026, 1033, 1034, 1036, 1037, 1038, 1040, 1042, 1051, 1052, 1053, 1057, 1058, 1061, 1062, 1063, 1064, 1070, 1076, 1077, 1081, 1084, 1090, 1093, 1094, 1099, 1111, 1112, 1113, 1118, 1120, 1121, 1122, 1123, 1126, 1128, 1129, 1130, 1131, 1138, 1139, 1140, 1142, 1143, 1147, 1148, 1150, 1159, 1162, 1164, 1165, 1167, 1168, 1169, 1170, 1172, 1179, 1181, 1182, 1185, 1186, 1187, 1188, 1194, 1196, 1198, 1199, 1200, 1201, 1203, 1204, 1206, 1207, 1210, 1211, 1215, 1216, 1220, 1224, 1227, 1230, 1236, 1239, 1240, 1242, 1251, 1252, 1253, 1256, 1257, 1259, 1260, 1261, 1273, 1275, 1278, 1281, 1284, 1286, 1294, 1296, 1301, 1307, 1309, 1310, 1314, 1316, 1317, 1319, 1321, 1325, 1327, 1331, 1338, 1342, 1343, 1346, 1347, 1348, 1349, 1351, 1355, 1356, 1357, 1363, 1368, 1380, 1381, 1386, 1387, 1388, 1391, 1394, 1395, 1396, 1402, 1403, 1407, 1408, 1409, 1412, 1418, 1420, 1421, 1422, 1423, 1426, 1428, 1429, 1433, 1435, 1437, 1440, 1441, 1443, 1444, 1447
--------------Fold 4----------------
Full feature f1 score micro: 0.6796
Fold selected f1 score micro: 0.4806
Time of PSO: 146.4400
Selection ratio: 0.35
Selected features: 0, 8, 12, 15, 17, 19, 21, 28, 30, 31, 32, 33, 35, 36, 38, 40, 43, 44, 45, 46, 49, 50, 55, 57, 60, 63, 65, 70, 71, 77, 79, 82, 83, 84, 85, 86, 87, 90, 91, 96, 98, 104, 109, 110, 111, 116, 117, 120, 121, 125, 126, 128, 129, 131, 136, 137, 140, 141, 145, 146, 148, 150, 153, 159, 160, 162, 163, 164, 184, 185, 189, 190, 194, 196, 204, 205, 208, 215, 216, 219, 224, 229, 233, 235, 236, 237, 240, 246, 247, 251, 254, 257, 258, 259, 260, 262, 265, 266, 272, 273, 275, 277, 282, 283, 287, 291, 293, 295, 299, 304, 306, 309, 314, 315, 318, 323, 327, 330, 332, 333, 342, 343, 344, 346, 348, 349, 351, 353, 354, 355, 356, 368, 374, 379, 383, 385, 387, 389, 392, 397, 398, 400, 402, 404, 406, 411, 414, 415, 416, 417, 419, 423, 424, 427, 431, 432, 434, 436, 441, 443, 444, 447, 448, 449, 450, 452, 453, 455, 458, 463, 465, 470, 473, 474, 476, 481, 484, 485, 493, 497, 503, 504, 513, 518, 522, 523, 526, 528, 530, 532, 534, 537, 540, 544, 548, 554, 565, 570, 572, 576, 577, 579, 580, 581, 585, 586, 588, 589, 593, 594, 597, 603, 604, 606, 610, 611, 613, 614, 619, 620, 624, 627, 630, 631, 632, 637, 643, 644, 645, 650, 652, 657, 660, 662, 664, 666, 672, 681, 682, 684, 685, 689, 695, 698, 700, 703, 704, 708, 709, 716, 717, 718, 720, 721, 726, 728, 730, 735, 736, 741, 743, 745, 746, 747, 748, 749, 750, 760, 761, 762, 767, 770, 778, 780, 784, 785, 787, 789, 790, 800, 804, 807, 808, 810, 811, 815, 816, 818, 819, 825, 827, 828, 832, 840, 842, 847, 849, 858, 859, 863, 869, 870, 875, 879, 884, 887, 892, 893, 894, 897, 898, 899, 900, 904, 905, 911, 916, 920, 921, 923, 926, 927, 928, 929, 930, 931, 932, 934, 935, 937, 943, 945, 946, 947, 950, 952, 953, 954, 957, 966, 969, 971, 973, 974, 975, 978, 979, 980, 982, 985, 990, 991, 993, 994, 995, 997, 1006, 1008, 1009, 1013, 1014, 1018, 1020, 1023, 1025, 1029, 1030, 1033, 1034, 1037, 1038, 1039, 1042, 1043, 1044, 1045, 1046, 1058, 1062, 1063, 1065, 1066, 1067, 1071, 1073, 1075, 1081, 1086, 1091, 1094, 1097, 1099, 1100, 1101, 1102, 1106, 1110, 1111, 1117, 1118, 1127, 1130, 1131, 1136, 1137, 1141, 1143, 1153, 1155, 1157, 1158, 1159, 1161, 1163, 1168, 1169, 1171, 1181, 1184, 1185, 1196, 1198, 1208, 1210, 1211, 1212, 1213, 1216, 1217, 1218, 1219, 1220, 1224, 1226, 1227, 1228, 1229, 1230, 1232, 1233, 1236, 1240, 1241, 1243, 1244, 1246, 1250, 1255, 1258, 1260, 1261, 1262, 1268, 1274, 1283, 1286, 1287, 1288, 1290, 1291, 1292, 1299, 1300, 1301, 1302, 1305, 1308, 1309, 1319, 1325, 1326, 1328, 1329, 1330, 1331, 1332, 1336, 1341, 1345, 1346, 1352, 1355, 1356, 1359, 1363, 1366, 1372, 1373, 1375, 1376, 1380, 1381, 1390, 1391, 1392, 1393, 1399, 1400, 1402, 1406, 1409, 1416, 1423, 1429, 1430, 1432, 1437, 1440, 1441, 1442, 1443, 1445, 1446, 1447
--------------Fold 5----------------
Full feature f1 score micro: 0.6626
Fold selected f1 score micro: 0.4300
Time of PSO: 145.1800
Selection ratio: 0.36
Selected features: 0, 3, 5, 7, 9, 14, 16, 17, 18, 20, 21, 23, 24, 26, 28, 33, 34, 35, 37, 39, 41, 43, 45, 48, 51, 53, 54, 55, 58, 59, 63, 64, 66, 67, 68, 71, 74, 75, 76, 78, 79, 84, 86, 90, 91, 97, 104, 108, 109, 110, 111, 113, 114, 116, 117, 122, 124, 125, 128, 130, 134, 136, 138, 141, 148, 150, 152, 155, 156, 172, 173, 177, 182, 184, 189, 192, 193, 196, 201, 203, 206, 207, 212, 217, 223, 224, 225, 242, 246, 248, 250, 253, 254, 260, 261, 263, 264, 265, 268, 269, 270, 271, 273, 281, 283, 284, 287, 288, 292, 296, 297, 303, 306, 307, 308, 311, 315, 318, 320, 325, 327, 330, 332, 334, 337, 339, 342, 343, 344, 348, 354, 356, 362, 367, 368, 371, 373, 377, 380, 385, 386, 388, 389, 390, 393, 399, 401, 402, 404, 405, 407, 409, 411, 415, 419, 420, 422, 424, 428, 429, 431, 434, 436, 440, 441, 443, 446, 451, 452, 453, 457, 458, 459, 461, 462, 464, 468, 472, 473, 474, 479, 480, 482, 485, 491, 492, 495, 501, 506, 507, 510, 511, 514, 516, 517, 518, 520, 522, 528, 532, 539, 546, 553, 557, 558, 559, 560, 561, 564, 566, 567, 569, 570, 573, 574, 576, 581, 582, 585, 591, 592, 593, 594, 598, 599, 600, 601, 602, 609, 615, 616, 618, 619, 620, 625, 630, 631, 632, 633, 638, 640, 641, 644, 645, 647, 648, 650, 653, 654, 656, 659, 660, 664, 672, 674, 677, 683, 686, 689, 691, 692, 696, 697, 701, 702, 704, 705, 708, 709, 711, 713, 714, 716, 718, 724, 728, 733, 734, 735, 736, 737, 738, 739, 746, 749, 750, 753, 755, 758, 766, 768, 773, 774, 775, 778, 781, 788, 792, 798, 803, 804, 805, 806, 807, 809, 815, 816, 819, 820, 822, 827, 828, 830, 832, 834, 835, 847, 848, 851, 852, 857, 858, 863, 864, 867, 872, 876, 880, 882, 885, 887, 891, 892, 894, 899, 904, 908, 909, 911, 914, 915, 918, 919, 920, 922, 923, 925, 931, 934, 939, 940, 942, 954, 959, 961, 962, 965, 966, 967, 968, 970, 973, 978, 979, 982, 983, 985, 990, 994, 996, 997, 1001, 1002, 1006, 1007, 1008, 1011, 1013, 1016, 1017, 1018, 1022, 1025, 1027, 1029, 1030, 1032, 1033, 1034, 1046, 1048, 1049, 1050, 1051, 1053, 1054, 1055, 1059, 1061, 1062, 1063, 1069, 1074, 1078, 1079, 1082, 1085, 1086, 1087, 1088, 1089, 1090, 1093, 1098, 1105, 1106, 1114, 1115, 1116, 1118, 1119, 1122, 1129, 1139, 1144, 1145, 1146, 1147, 1149, 1151, 1157, 1158, 1159, 1169, 1172, 1181, 1184, 1187, 1195, 1196, 1198, 1199, 1200, 1201, 1204, 1206, 1207, 1212, 1214, 1216, 1217, 1218, 1220, 1224, 1229, 1232, 1234, 1238, 1242, 1243, 1245, 1246, 1248, 1249, 1250, 1255, 1271, 1276, 1278, 1279, 1280, 1284, 1287, 1290, 1291, 1293, 1296, 1297, 1303, 1307, 1311, 1313, 1314, 1318, 1319, 1320, 1322, 1324, 1329, 1330, 1334, 1335, 1340, 1344, 1347, 1351, 1357, 1361, 1363, 1364, 1366, 1368, 1369, 1376, 1378, 1379, 1381, 1385, 1387, 1388, 1390, 1404, 1411, 1414, 1417, 1418, 1420, 1425, 1426, 1428, 1429, 1431, 1433, 1435, 1442, 1446, 1448
--------------Average----------------
Ave Full Accuracy: 0.6819
Ave Selection Accuracy: 0.3670
Ave time of PSO: 140.7060
Ave Feature Ratio: 0.35
