--------------Fold 1----------------
Full feature f1 score micro: 0.4775
Fold selected f1 score micro: 0.4340
Time of PSO: 363.3600
Selection ratio: 0.38
Selected features: 0, 2, 3, 8, 9, 10, 12, 13, 15, 16, 18, 21, 25, 27, 29, 30, 34, 41, 45, 46, 47, 48, 50, 53, 55, 57, 62, 65, 66, 68, 69, 70, 71, 80, 83, 85, 86, 88, 89, 90, 93, 96, 97, 100, 105, 110, 112, 114, 115, 120, 123, 127, 128, 133, 136, 140, 143, 148, 151, 160, 161, 162, 163, 165, 168, 172, 173, 174, 177, 185, 187, 189, 190, 192, 194, 198, 199, 200, 201, 209, 211, 212, 217, 221, 222, 225, 226, 227, 228, 230, 231, 234, 236, 237, 242, 245, 249, 253, 260, 265, 266, 275, 281, 283, 284, 285, 287, 289, 295, 297, 298, 299, 302, 305, 306, 308, 309, 311, 316, 318, 321, 324, 328, 332, 334, 337, 339, 340, 341, 343, 345, 347, 349, 351, 353, 354, 358, 363, 366, 369, 370, 372, 373, 375, 377, 381, 383, 384, 386, 387, 393, 395, 399, 401, 406, 410, 412, 416, 419, 420, 422, 423, 431, 433, 436, 439, 442, 445, 448, 450, 453, 456, 459, 462, 464, 465, 466, 467, 468, 469, 470, 476, 488, 489, 491, 493, 494, 496, 500, 501, 502, 507, 509, 510, 522, 534, 535, 537, 539, 540, 542, 544, 545, 546, 553, 554, 555, 562, 565, 566, 569, 571, 574, 577, 580, 581, 583, 587, 593, 594, 595, 596, 597, 598, 599, 602, 603, 606, 607, 608, 609, 615, 619, 621, 632, 635, 640, 641, 642, 643, 644, 645, 647, 649, 650, 652, 653, 655, 656, 657, 661, 663, 665, 670, 671, 673, 674, 676, 679, 681, 682, 685, 691, 692, 694, 695, 699, 702, 708, 709, 712, 715, 717, 721, 727, 730, 734, 736, 739, 742, 743, 752, 754, 756, 761, 762, 763, 769, 776, 778, 783, 784, 785, 789, 791, 792, 793, 796, 798, 801, 802, 808, 809, 814, 818, 820, 821, 822, 831, 832, 833, 834, 835, 836, 838, 841, 843, 844, 846, 848, 849, 854, 855, 857, 859, 860, 861, 867, 868, 870, 871, 872, 879, 880, 881, 888, 893, 898, 899, 900, 902, 905, 909, 913, 915, 917, 918, 923, 927, 931, 932, 937, 939, 940, 942, 943, 945, 949, 950, 951, 953, 954, 956, 958, 959, 961, 963, 971, 972, 973, 976, 979, 984, 986, 988, 990, 992, 993, 994, 998, 1000
--------------Fold 2----------------
Full feature f1 score micro: 0.4697
Fold selected f1 score micro: 0.4722
Time of PSO: 349.7000
Selection ratio: 0.36
Selected features: 1, 11, 12, 19, 23, 25, 32, 37, 38, 42, 43, 48, 51, 52, 54, 56, 57, 58, 59, 60, 63, 66, 67, 73, 77, 82, 92, 96, 97, 103, 105, 107, 108, 114, 116, 118, 120, 123, 125, 127, 131, 132, 135, 142, 145, 146, 147, 149, 154, 156, 157, 160, 163, 166, 168, 174, 176, 180, 183, 185, 187, 188, 189, 192, 195, 202, 203, 204, 207, 210, 212, 214, 216, 222, 226, 227, 228, 229, 233, 234, 241, 243, 244, 245, 246, 247, 248, 249, 251, 252, 253, 254, 259, 264, 265, 271, 275, 277, 279, 284, 285, 287, 288, 289, 291, 293, 298, 299, 300, 301, 307, 309, 310, 313, 319, 320, 322, 323, 325, 329, 330, 331, 339, 341, 342, 344, 346, 349, 359, 361, 363, 370, 375, 377, 379, 380, 384, 389, 390, 392, 393, 397, 398, 402, 403, 404, 412, 413, 417, 418, 419, 420, 425, 429, 431, 435, 437, 440, 443, 445, 449, 451, 452, 455, 459, 460, 461, 462, 464, 465, 467, 469, 471, 473, 478, 484, 486, 491, 492, 498, 499, 500, 502, 503, 506, 507, 508, 513, 519, 525, 526, 527, 528, 530, 531, 532, 534, 535, 536, 539, 540, 542, 544, 546, 549, 550, 552, 553, 559, 560, 566, 567, 569, 571, 574, 576, 581, 583, 584, 587, 593, 596, 600, 604, 605, 606, 614, 616, 623, 624, 626, 627, 629, 635, 636, 637, 638, 639, 640, 644, 646, 654, 658, 660, 661, 663, 664, 667, 668, 671, 672, 673, 675, 678, 679, 682, 684, 685, 687, 688, 689, 690, 691, 694, 697, 698, 700, 701, 702, 703, 709, 710, 712, 715, 718, 720, 724, 727, 728, 732, 733, 735, 742, 744, 753, 762, 766, 769, 771, 772, 774, 778, 781, 788, 789, 796, 799, 800, 802, 804, 806, 807, 808, 809, 814, 816, 817, 818, 819, 825, 826, 827, 836, 840, 843, 845, 852, 855, 856, 859, 864, 865, 868, 870, 871, 873, 875, 876, 879, 885, 891, 893, 894, 895, 896, 897, 900, 902, 909, 911, 918, 919, 926, 927, 931, 934, 946, 947, 948, 951, 952, 954, 956, 957, 958, 959, 965, 969, 973, 975, 978, 987, 988, 998
--------------Fold 3----------------
Full feature f1 score micro: 0.4605
Fold selected f1 score micro: 0.4630
Time of PSO: 353.1800
Selection ratio: 0.38
Selected features: 2, 10, 18, 19, 20, 21, 22, 24, 26, 27, 31, 32, 33, 35, 37, 41, 42, 45, 47, 50, 51, 54, 56, 59, 60, 62, 65, 66, 67, 72, 74, 80, 82, 84, 86, 88, 89, 93, 98, 100, 101, 103, 105, 107, 112, 114, 116, 120, 122, 123, 125, 128, 129, 130, 134, 136, 142, 143, 147, 149, 152, 158, 159, 161, 167, 171, 172, 182, 183, 188, 190, 191, 198, 201, 202, 204, 209, 210, 211, 216, 217, 228, 230, 235, 237, 238, 241, 243, 248, 250, 257, 260, 261, 264, 268, 270, 272, 275, 281, 285, 286, 289, 291, 292, 293, 295, 296, 306, 307, 311, 312, 313, 315, 317, 319, 321, 322, 325, 334, 335, 336, 338, 341, 342, 343, 344, 347, 350, 351, 353, 354, 355, 363, 365, 366, 368, 371, 373, 375, 377, 379, 380, 382, 384, 386, 387, 391, 394, 396, 399, 402, 404, 405, 408, 411, 413, 417, 418, 419, 425, 427, 429, 437, 438, 439, 441, 449, 450, 451, 452, 454, 455, 458, 460, 465, 466, 469, 470, 473, 474, 477, 478, 481, 486, 488, 492, 493, 495, 496, 497, 499, 502, 506, 507, 509, 512, 516, 518, 519, 521, 524, 525, 532, 535, 536, 539, 542, 548, 552, 555, 561, 567, 569, 576, 584, 585, 588, 597, 601, 602, 603, 605, 606, 610, 613, 614, 615, 616, 618, 620, 622, 623, 624, 627, 629, 631, 633, 634, 640, 646, 647, 650, 655, 656, 659, 660, 661, 662, 664, 665, 667, 678, 681, 682, 683, 686, 690, 692, 693, 695, 696, 697, 699, 701, 704, 705, 709, 710, 711, 714, 715, 717, 725, 730, 732, 733, 738, 747, 748, 751, 755, 757, 758, 759, 760, 763, 764, 766, 776, 781, 783, 792, 798, 799, 803, 807, 810, 812, 814, 815, 817, 819, 821, 823, 825, 826, 828, 829, 839, 840, 842, 843, 844, 847, 848, 849, 850, 855, 858, 860, 861, 868, 870, 873, 876, 877, 878, 881, 882, 884, 892, 893, 894, 895, 898, 902, 904, 906, 907, 908, 911, 915, 917, 920, 923, 924, 926, 927, 928, 931, 932, 939, 941, 946, 947, 951, 952, 954, 955, 958, 959, 964, 966, 967, 971, 973, 974, 976, 977, 980, 981, 985, 988, 990, 992, 994, 995, 1000
--------------Fold 4----------------
Full feature f1 score micro: 0.4820
Fold selected f1 score micro: 0.4792
Time of PSO: 356.5400
Selection ratio: 0.38
Selected features: 0, 1, 2, 6, 8, 10, 12, 13, 14, 29, 30, 31, 32, 34, 36, 41, 47, 54, 55, 56, 57, 61, 62, 63, 64, 68, 69, 70, 71, 72, 73, 74, 76, 78, 81, 83, 93, 95, 96, 97, 98, 99, 100, 102, 103, 107, 109, 114, 119, 120, 123, 130, 140, 142, 149, 154, 159, 160, 170, 172, 173, 177, 178, 183, 184, 187, 197, 203, 204, 205, 212, 213, 214, 215, 218, 219, 220, 223, 226, 227, 230, 231, 232, 237, 242, 244, 255, 256, 262, 264, 266, 267, 268, 270, 271, 272, 274, 277, 281, 290, 293, 296, 297, 300, 302, 303, 309, 311, 313, 314, 315, 319, 320, 325, 326, 330, 331, 333, 335, 336, 337, 340, 341, 346, 348, 352, 359, 360, 362, 363, 365, 369, 370, 374, 378, 384, 387, 388, 389, 398, 399, 402, 403, 406, 407, 410, 411, 413, 415, 417, 419, 424, 425, 428, 429, 430, 431, 432, 434, 435, 436, 437, 443, 446, 447, 449, 455, 456, 460, 461, 464, 465, 472, 473, 474, 475, 477, 478, 481, 485, 487, 489, 494, 498, 499, 502, 505, 509, 511, 521, 522, 527, 533, 535, 539, 542, 543, 545, 550, 552, 553, 557, 561, 563, 568, 569, 572, 573, 581, 584, 586, 591, 595, 599, 601, 602, 604, 605, 607, 610, 614, 615, 616, 617, 620, 621, 624, 626, 628, 629, 630, 631, 632, 633, 634, 635, 636, 637, 638, 639, 640, 642, 644, 645, 648, 650, 655, 656, 657, 661, 663, 664, 666, 667, 670, 671, 672, 675, 676, 678, 681, 685, 687, 688, 690, 691, 702, 704, 705, 706, 708, 712, 715, 716, 718, 721, 723, 727, 731, 732, 733, 735, 736, 737, 738, 741, 743, 745, 748, 758, 760, 764, 765, 766, 767, 768, 771, 773, 775, 776, 780, 782, 783, 785, 786, 791, 793, 799, 800, 802, 805, 806, 808, 815, 816, 818, 820, 825, 829, 833, 841, 843, 849, 851, 852, 853, 854, 860, 863, 866, 871, 872, 874, 876, 879, 885, 892, 898, 900, 903, 904, 908, 909, 910, 911, 913, 914, 917, 920, 922, 923, 925, 929, 938, 939, 942, 944, 945, 949, 951, 955, 959, 963, 964, 968, 972, 974, 975, 978, 979, 980, 981, 983, 985, 986, 987, 988, 989, 996, 997
--------------Fold 5----------------
Full feature f1 score micro: 0.4587
Fold selected f1 score micro: 0.4490
Time of PSO: 345.0000
Selection ratio: 0.41
Selected features: 2, 4, 5, 9, 11, 21, 24, 26, 29, 31, 33, 34, 36, 38, 40, 43, 44, 50, 52, 53, 58, 60, 67, 68, 79, 83, 84, 85, 88, 91, 97, 98, 100, 103, 104, 105, 106, 107, 108, 110, 111, 112, 117, 120, 124, 126, 130, 134, 136, 137, 148, 149, 150, 156, 159, 164, 167, 168, 169, 170, 175, 176, 180, 182, 183, 184, 185, 186, 191, 193, 196, 200, 204, 205, 208, 212, 215, 216, 219, 220, 221, 224, 225, 228, 234, 241, 246, 248, 250, 252, 255, 256, 260, 263, 264, 265, 266, 267, 270, 272, 275, 276, 278, 279, 282, 283, 285, 286, 288, 291, 292, 293, 301, 308, 310, 311, 312, 314, 317, 318, 324, 325, 326, 328, 329, 330, 335, 336, 342, 344, 348, 350, 352, 353, 355, 357, 360, 361, 363, 366, 369, 371, 375, 376, 379, 381, 383, 385, 386, 389, 390, 393, 395, 397, 398, 399, 401, 406, 408, 409, 410, 413, 418, 426, 431, 435, 437, 439, 440, 452, 454, 459, 460, 462, 464, 465, 469, 471, 472, 475, 477, 481, 483, 485, 488, 492, 493, 496, 498, 500, 501, 502, 503, 507, 508, 509, 513, 516, 520, 522, 524, 527, 528, 530, 532, 533, 535, 538, 539, 543, 552, 554, 555, 556, 557, 562, 563, 564, 566, 570, 572, 573, 574, 576, 577, 583, 586, 588, 594, 596, 599, 601, 602, 603, 606, 607, 614, 615, 616, 619, 620, 621, 622, 624, 627, 632, 638, 640, 641, 642, 645, 647, 648, 649, 650, 653, 656, 658, 659, 661, 662, 663, 666, 669, 674, 677, 678, 679, 682, 684, 687, 688, 689, 697, 698, 699, 701, 704, 709, 710, 711, 713, 716, 718, 720, 721, 724, 727, 729, 732, 741, 742, 744, 745, 747, 749, 752, 757, 758, 761, 763, 777, 778, 782, 785, 789, 791, 792, 796, 797, 799, 802, 803, 805, 806, 807, 808, 809, 811, 813, 815, 819, 820, 822, 823, 824, 826, 828, 829, 830, 831, 837, 838, 844, 846, 848, 849, 850, 851, 852, 853, 854, 858, 860, 861, 864, 866, 868, 870, 875, 876, 880, 881, 883, 884, 885, 886, 887, 888, 890, 894, 900, 901, 903, 904, 906, 907, 910, 911, 915, 918, 922, 924, 929, 931, 933, 934, 935, 939, 941, 942, 944, 945, 946, 950, 951, 953, 955, 956, 957, 958, 961, 964, 966, 967, 968, 969, 970, 971, 972, 974, 975, 978, 980, 981, 983, 985, 987, 995, 996, 997, 998
--------------Average----------------
Ave Full Accuracy: 0.4697
Ave Selection Accuracy: 0.4595
Ave time of PSO: 353.5560
Ave Feature Ratio: 0.38
