--------------Fold 1----------------
Full feature f1 score micro: 0.2741
Fold selected f1 score micro: 0.1882
Time of PSO: 2567.9400
Selection ratio: 0.33
Selected features: 0, 2, 3, 5, 15, 19, 21, 23, 25, 27, 28, 36, 37, 42, 48, 52, 54, 58, 62, 65, 67, 68, 69, 70, 77, 83, 87, 89, 90, 93, 94, 95, 100, 101, 102, 106, 107, 109, 110, 115, 119, 120, 122, 125, 126, 128, 131, 135, 136, 137, 139, 146, 147, 148, 155, 157, 159, 162, 164, 165, 167, 168, 176, 177, 178, 189, 190, 191, 195, 201, 204, 207, 210, 216, 218, 219, 224, 230, 231, 232, 235, 237, 241, 244, 246, 250, 253, 258, 260, 262, 269, 271, 280, 281, 286, 290, 292, 293, 299, 304, 311, 312, 313, 321, 322, 329, 331, 335, 340, 343, 349, 350, 353, 355, 361, 364, 367, 368, 369, 372, 374, 375, 376, 378, 384, 385, 388, 392, 394, 398, 400, 401, 402, 403, 404, 405, 412, 413, 416, 422, 424, 429, 434, 436, 437, 439, 442, 446, 447, 449, 452, 455, 456, 458, 464, 466, 473, 476, 480, 485, 491, 492, 495, 499, 501, 502, 508, 509, 511, 515, 516, 517, 520, 523, 524, 530, 531, 534, 540, 544, 545, 547, 548, 549, 555, 557, 562, 564, 567, 576, 577, 579, 581, 582, 583, 589, 590, 591, 593, 595, 603, 604, 609, 614, 615, 618, 619, 623, 624, 628, 631, 633, 634, 636, 642, 644, 646, 647, 648, 652, 655, 661, 664, 665, 668, 671, 677, 679, 680, 685, 686, 688, 693, 696, 698, 699, 700, 703, 706, 711, 714, 715, 717, 719, 727, 731, 732, 735, 736, 737, 746, 751, 753, 756, 765, 769, 771, 773, 775, 777, 785, 787, 790, 799, 806, 807, 808, 811, 812, 815, 822, 823, 827, 834, 837, 838, 844, 845, 848, 854, 855, 863, 864, 866, 878, 884, 885, 886, 888, 890, 896, 900, 903, 906, 908, 912, 915, 916, 919, 924, 926, 927, 929, 931, 932, 937, 941, 947, 952, 953, 961, 964, 965, 967, 970, 972, 974, 976, 977, 979, 980, 982, 983, 984, 986, 988, 992, 996, 997, 1005, 1006, 1008, 1009, 1011, 1013, 1016, 1025, 1030, 1046, 1047, 1048, 1049, 1054, 1055, 1057, 1058, 1067, 1068, 1069, 1075, 1076, 1084, 1085, 1086, 1092, 1096, 1100, 1101, 1103, 1104, 1108, 1110, 1112, 1115, 1119, 1125, 1127, 1128, 1132, 1133, 1134, 1137, 1148, 1151, 1152, 1156, 1158, 1164, 1172, 1177, 1180, 1181, 1185, 1187, 1189, 1193, 1195, 1197, 1208, 1211, 1216, 1221, 1222, 1223, 1228, 1232, 1234, 1236, 1237, 1241, 1242, 1245, 1246, 1247, 1248, 1258, 1259, 1264, 1265, 1267, 1268, 1269, 1271, 1280, 1281, 1282, 1284, 1286, 1287, 1288, 1291, 1296, 1298, 1300, 1301, 1302, 1305, 1307, 1308, 1309, 1314, 1316, 1319, 1322, 1324, 1326, 1327, 1328, 1330, 1331, 1332, 1334, 1335, 1340, 1347, 1351, 1358, 1362, 1365, 1366, 1369, 1371, 1372, 1374, 1376, 1383, 1389, 1390, 1391, 1395, 1396, 1402, 1403, 1416, 1418, 1420, 1421, 1422, 1424, 1425, 1429, 1431, 1436, 1438, 1449, 1452, 1454, 1462, 1465, 1470, 1472, 1474, 1478, 1481, 1487, 1494, 1495, 1503, 1504, 1507, 1509, 1511, 1515, 1517, 1520, 1521, 1523, 1524, 1532, 1538, 1539, 1540, 1545, 1548, 1550, 1555, 1562, 1564, 1567, 1569, 1571, 1573, 1578, 1581, 1583, 1584, 1586, 1591, 1592, 1593, 1595, 1599, 1601, 1602, 1605, 1606, 1607, 1611, 1616, 1617, 1618, 1620, 1622, 1626, 1629, 1630, 1631, 1634, 1636, 1643, 1645, 1646, 1650, 1651, 1652, 1654, 1656, 1661, 1674, 1676, 1681, 1682, 1683, 1685, 1686, 1687, 1691, 1695, 1700, 1701, 1702, 1703, 1704, 1707, 1708, 1714, 1718, 1724, 1727, 1731, 1745, 1748, 1749, 1754, 1755, 1758, 1759, 1765, 1772, 1773, 1774, 1776, 1781, 1784, 1788, 1793, 1797, 1798, 1801, 1802, 1806, 1808, 1809, 1810, 1812, 1815, 1816, 1817, 1820, 1825, 1828, 1832
--------------Fold 2----------------
Full feature f1 score micro: 0.2811
Fold selected f1 score micro: 0.1848
Time of PSO: 2467.4500
Selection ratio: 0.41
Selected features: 0, 2, 4, 5, 6, 7, 8, 11, 17, 21, 22, 23, 25, 26, 27, 28, 33, 34, 35, 41, 43, 45, 48, 49, 53, 54, 57, 59, 65, 66, 67, 68, 71, 77, 78, 79, 80, 81, 84, 92, 94, 99, 100, 101, 102, 112, 113, 114, 115, 119, 120, 123, 125, 128, 129, 130, 133, 136, 139, 140, 143, 144, 145, 148, 149, 150, 154, 155, 160, 161, 164, 167, 168, 169, 174, 176, 179, 186, 187, 190, 192, 193, 195, 196, 197, 200, 202, 205, 206, 207, 208, 211, 213, 218, 219, 220, 233, 235, 237, 239, 241, 244, 246, 249, 252, 253, 254, 259, 263, 264, 265, 267, 268, 273, 276, 277, 278, 288, 289, 295, 296, 297, 298, 299, 301, 303, 306, 311, 312, 315, 319, 329, 330, 334, 335, 337, 338, 339, 343, 344, 352, 356, 358, 360, 361, 363, 368, 369, 373, 375, 378, 383, 388, 389, 390, 394, 397, 406, 408, 411, 414, 418, 419, 428, 432, 433, 434, 436, 440, 441, 442, 443, 447, 449, 454, 461, 469, 471, 472, 477, 478, 483, 486, 491, 492, 494, 496, 497, 499, 502, 503, 504, 505, 508, 510, 512, 514, 516, 519, 520, 521, 526, 535, 538, 539, 540, 541, 543, 546, 548, 549, 551, 554, 556, 559, 563, 565, 567, 568, 571, 572, 574, 575, 576, 577, 579, 587, 594, 595, 596, 600, 605, 606, 607, 609, 610, 611, 614, 616, 617, 621, 622, 626, 629, 635, 636, 637, 638, 642, 643, 648, 650, 652, 653, 654, 659, 660, 664, 665, 668, 669, 671, 672, 683, 684, 687, 689, 691, 693, 694, 695, 696, 702, 703, 707, 709, 710, 711, 714, 715, 716, 718, 720, 721, 722, 723, 725, 726, 728, 730, 732, 737, 739, 740, 741, 742, 747, 749, 751, 754, 756, 759, 761, 763, 769, 770, 777, 778, 781, 783, 784, 787, 788, 790, 793, 794, 795, 796, 801, 803, 804, 807, 808, 809, 814, 815, 819, 821, 823, 826, 832, 833, 839, 842, 843, 844, 845, 846, 850, 851, 853, 854, 855, 856, 857, 863, 864, 865, 873, 875, 877, 881, 884, 888, 893, 901, 906, 909, 914, 919, 921, 923, 926, 927, 931, 933, 934, 935, 938, 939, 940, 942, 945, 947, 953, 954, 957, 958, 959, 960, 965, 967, 968, 969, 970, 972, 975, 977, 978, 979, 981, 983, 985, 990, 996, 1003, 1007, 1008, 1010, 1021, 1023, 1024, 1032, 1034, 1036, 1039, 1040, 1043, 1044, 1047, 1049, 1051, 1052, 1053, 1057, 1058, 1060, 1061, 1064, 1066, 1068, 1075, 1076, 1078, 1080, 1081, 1083, 1084, 1086, 1087, 1089, 1090, 1094, 1095, 1097, 1098, 1099, 1102, 1104, 1105, 1107, 1113, 1114, 1116, 1119, 1120, 1121, 1123, 1124, 1125, 1128, 1129, 1141, 1143, 1145, 1149, 1153, 1158, 1161, 1162, 1164, 1167, 1168, 1175, 1176, 1182, 1184, 1185, 1188, 1189, 1190, 1194, 1195, 1196, 1198, 1202, 1203, 1205, 1212, 1214, 1216, 1217, 1218, 1220, 1222, 1226, 1228, 1229, 1230, 1232, 1235, 1236, 1237, 1244, 1245, 1246, 1247, 1250, 1255, 1256, 1257, 1260, 1263, 1264, 1265, 1268, 1270, 1272, 1273, 1276, 1277, 1279, 1283, 1286, 1290, 1292, 1293, 1294, 1295, 1298, 1299, 1309, 1310, 1311, 1314, 1315, 1321, 1323, 1324, 1325, 1326, 1327, 1329, 1330, 1332, 1333, 1334, 1341, 1355, 1356, 1359, 1361, 1362, 1363, 1364, 1365, 1366, 1367, 1368, 1369, 1372, 1374, 1375, 1376, 1377, 1378, 1380, 1387, 1388, 1391, 1392, 1393, 1395, 1397, 1403, 1404, 1408, 1412, 1415, 1416, 1417, 1420, 1421, 1426, 1427, 1430, 1432, 1433, 1434, 1440, 1441, 1442, 1444, 1445, 1447, 1451, 1452, 1460, 1462, 1468, 1469, 1472, 1474, 1475, 1476, 1480, 1481, 1482, 1483, 1484, 1485, 1486, 1487, 1490, 1493, 1494, 1495, 1497, 1499, 1501, 1502, 1504, 1505, 1510, 1511, 1519, 1520, 1522, 1523, 1524, 1526, 1527, 1530, 1531, 1532, 1533, 1534, 1537, 1540, 1541, 1546, 1548, 1549, 1550, 1555, 1557, 1560, 1565, 1569, 1579, 1580, 1583, 1584, 1586, 1589, 1590, 1591, 1594, 1600, 1601, 1603, 1605, 1607, 1608, 1611, 1613, 1614, 1616, 1617, 1618, 1622, 1623, 1624, 1627, 1628, 1629, 1630, 1631, 1632, 1633, 1635, 1636, 1645, 1651, 1652, 1654, 1656, 1657, 1659, 1660, 1661, 1662, 1663, 1665, 1666, 1667, 1668, 1674, 1675, 1676, 1678, 1679, 1680, 1683, 1685, 1686, 1687, 1688, 1689, 1690, 1697, 1700, 1701, 1702, 1703, 1709, 1713, 1721, 1723, 1730, 1731, 1732, 1734, 1736, 1739, 1740, 1744, 1746, 1749, 1753, 1754, 1755, 1756, 1757, 1760, 1761, 1767, 1769, 1770, 1771, 1777, 1779, 1780, 1781, 1782, 1784, 1786, 1793, 1799, 1805, 1808, 1810, 1813, 1815, 1817, 1818, 1819, 1820, 1821, 1826, 1829, 1834
--------------Fold 3----------------
Full feature f1 score micro: 0.2766
Fold selected f1 score micro: 0.2224
Time of PSO: 2946.6100
Selection ratio: 0.35
Selected features: 6, 7, 8, 10, 11, 12, 17, 18, 19, 20, 27, 30, 31, 32, 39, 44, 46, 51, 53, 63, 64, 69, 77, 79, 82, 85, 86, 89, 90, 98, 99, 100, 104, 106, 107, 108, 110, 113, 114, 115, 118, 121, 123, 125, 129, 134, 135, 139, 140, 145, 146, 147, 149, 153, 159, 161, 164, 165, 172, 175, 176, 177, 178, 179, 180, 181, 182, 184, 185, 187, 190, 191, 195, 198, 203, 205, 213, 216, 220, 222, 224, 229, 233, 237, 238, 239, 241, 244, 248, 249, 258, 261, 262, 273, 276, 279, 280, 281, 284, 288, 291, 293, 294, 295, 296, 297, 300, 304, 309, 314, 315, 319, 320, 324, 328, 337, 341, 345, 346, 348, 352, 353, 354, 361, 363, 364, 368, 373, 374, 375, 379, 380, 388, 391, 393, 396, 399, 402, 403, 404, 409, 413, 418, 419, 421, 425, 428, 432, 434, 436, 439, 440, 444, 446, 454, 456, 457, 461, 463, 464, 468, 469, 471, 476, 477, 479, 481, 482, 484, 487, 488, 489, 490, 493, 495, 499, 500, 501, 505, 509, 516, 517, 520, 522, 525, 528, 530, 531, 536, 541, 544, 545, 546, 548, 550, 555, 556, 557, 561, 562, 564, 578, 579, 581, 585, 590, 591, 592, 594, 595, 596, 599, 604, 606, 607, 611, 614, 620, 621, 622, 623, 627, 628, 632, 633, 637, 638, 639, 644, 654, 656, 657, 658, 661, 667, 676, 678, 679, 680, 681, 683, 687, 692, 695, 699, 700, 701, 702, 705, 706, 709, 710, 711, 713, 715, 717, 719, 723, 724, 725, 727, 732, 734, 736, 741, 746, 754, 755, 761, 768, 769, 773, 777, 779, 780, 781, 784, 786, 788, 789, 793, 796, 803, 804, 807, 808, 811, 813, 814, 816, 817, 818, 820, 824, 826, 828, 830, 833, 839, 840, 841, 842, 848, 849, 851, 860, 862, 869, 873, 874, 877, 881, 886, 888, 891, 892, 899, 903, 906, 907, 909, 911, 912, 916, 919, 920, 923, 925, 927, 929, 934, 938, 939, 940, 942, 944, 949, 950, 952, 954, 955, 957, 960, 962, 966, 968, 981, 987, 988, 989, 991, 992, 995, 1002, 1008, 1013, 1014, 1021, 1022, 1025, 1029, 1031, 1032, 1033, 1036, 1038, 1042, 1043, 1046, 1047, 1049, 1053, 1060, 1063, 1065, 1068, 1069, 1071, 1072, 1073, 1080, 1082, 1084, 1086, 1089, 1090, 1092, 1098, 1099, 1101, 1106, 1108, 1109, 1110, 1113, 1114, 1124, 1125, 1126, 1127, 1128, 1130, 1134, 1135, 1139, 1143, 1149, 1152, 1153, 1163, 1167, 1169, 1170, 1173, 1174, 1175, 1180, 1187, 1190, 1193, 1195, 1197, 1199, 1201, 1202, 1203, 1207, 1214, 1215, 1217, 1220, 1221, 1231, 1232, 1242, 1248, 1250, 1253, 1255, 1261, 1264, 1265, 1268, 1275, 1276, 1278, 1279, 1280, 1283, 1288, 1295, 1296, 1299, 1304, 1308, 1309, 1311, 1312, 1313, 1318, 1319, 1325, 1333, 1336, 1341, 1343, 1349, 1350, 1355, 1357, 1359, 1360, 1362, 1368, 1373, 1376, 1377, 1378, 1380, 1388, 1393, 1400, 1402, 1410, 1412, 1415, 1417, 1418, 1422, 1425, 1429, 1432, 1437, 1448, 1453, 1454, 1459, 1460, 1465, 1466, 1468, 1469, 1470, 1471, 1472, 1473, 1474, 1475, 1482, 1484, 1486, 1487, 1488, 1489, 1490, 1494, 1495, 1499, 1504, 1505, 1511, 1512, 1515, 1517, 1518, 1525, 1526, 1533, 1535, 1537, 1540, 1545, 1549, 1550, 1554, 1555, 1557, 1564, 1565, 1571, 1574, 1576, 1581, 1583, 1585, 1586, 1590, 1591, 1592, 1596, 1598, 1599, 1601, 1602, 1603, 1607, 1614, 1615, 1616, 1617, 1618, 1620, 1621, 1622, 1625, 1628, 1630, 1632, 1634, 1636, 1637, 1638, 1641, 1643, 1644, 1646, 1647, 1651, 1653, 1658, 1661, 1663, 1664, 1666, 1668, 1671, 1672, 1674, 1675, 1687, 1694, 1696, 1698, 1703, 1714, 1715, 1716, 1721, 1724, 1730, 1731, 1734, 1738, 1740, 1741, 1742, 1745, 1754, 1755, 1762, 1764, 1766, 1767, 1769, 1771, 1774, 1776, 1783, 1790, 1792, 1793, 1795, 1798, 1802, 1804, 1805, 1807, 1809, 1811, 1814, 1817, 1819, 1825, 1827, 1831, 1832, 1835
--------------Fold 4----------------
Full feature f1 score micro: 0.2718
Fold selected f1 score micro: 0.2429
Time of PSO: 2780.4300
Selection ratio: 0.38
Selected features: 2, 4, 8, 10, 13, 14, 17, 19, 22, 24, 25, 26, 28, 29, 33, 34, 35, 36, 42, 43, 45, 48, 50, 51, 52, 56, 57, 59, 62, 63, 68, 72, 73, 74, 76, 78, 79, 85, 87, 88, 89, 94, 98, 103, 105, 110, 112, 114, 115, 116, 118, 119, 126, 128, 130, 132, 135, 139, 141, 144, 146, 151, 152, 156, 157, 161, 162, 167, 169, 172, 174, 177, 180, 183, 188, 193, 195, 197, 200, 205, 207, 209, 211, 214, 217, 221, 223, 224, 225, 227, 229, 231, 239, 242, 243, 247, 248, 249, 251, 256, 257, 258, 260, 261, 263, 264, 266, 267, 268, 269, 271, 272, 275, 277, 278, 283, 286, 287, 289, 291, 294, 297, 298, 300, 301, 302, 304, 305, 306, 308, 310, 311, 315, 317, 318, 319, 320, 322, 326, 327, 329, 330, 332, 335, 338, 339, 340, 343, 347, 362, 364, 367, 370, 374, 375, 378, 381, 383, 384, 385, 398, 399, 405, 407, 411, 414, 423, 424, 431, 433, 440, 443, 444, 445, 452, 453, 459, 463, 464, 465, 470, 479, 483, 484, 487, 488, 492, 497, 498, 500, 502, 503, 504, 505, 507, 512, 514, 515, 516, 521, 522, 524, 529, 530, 531, 535, 538, 539, 540, 541, 548, 551, 553, 554, 555, 557, 559, 562, 564, 566, 567, 570, 571, 573, 577, 578, 581, 583, 587, 588, 592, 593, 594, 595, 596, 599, 609, 611, 612, 613, 614, 617, 621, 624, 625, 627, 629, 632, 635, 637, 640, 644, 650, 651, 654, 657, 658, 663, 665, 669, 670, 673, 678, 680, 681, 682, 687, 688, 689, 693, 697, 698, 699, 700, 705, 710, 717, 720, 723, 724, 725, 730, 733, 734, 735, 736, 738, 741, 742, 743, 744, 745, 747, 748, 749, 752, 757, 759, 763, 765, 766, 767, 768, 773, 774, 777, 779, 782, 784, 785, 786, 787, 789, 790, 791, 792, 793, 795, 796, 797, 799, 802, 803, 805, 809, 812, 814, 815, 816, 819, 824, 825, 828, 830, 832, 833, 837, 839, 841, 842, 846, 849, 851, 855, 857, 860, 864, 865, 868, 869, 871, 877, 881, 882, 889, 893, 896, 900, 902, 905, 909, 917, 920, 921, 922, 924, 925, 929, 933, 935, 936, 940, 941, 942, 947, 954, 956, 958, 960, 961, 965, 969, 970, 973, 974, 977, 980, 982, 984, 986, 990, 995, 996, 999, 1000, 1001, 1006, 1009, 1011, 1019, 1029, 1032, 1033, 1034, 1036, 1037, 1038, 1041, 1048, 1051, 1057, 1058, 1059, 1065, 1070, 1071, 1074, 1075, 1076, 1081, 1085, 1088, 1092, 1093, 1094, 1095, 1096, 1097, 1099, 1101, 1102, 1110, 1114, 1122, 1123, 1125, 1131, 1132, 1138, 1140, 1142, 1143, 1144, 1145, 1148, 1150, 1154, 1155, 1158, 1159, 1161, 1165, 1166, 1167, 1168, 1170, 1172, 1174, 1175, 1176, 1177, 1179, 1181, 1182, 1184, 1186, 1187, 1191, 1192, 1194, 1202, 1209, 1210, 1215, 1216, 1217, 1219, 1223, 1224, 1227, 1228, 1230, 1232, 1235, 1236, 1241, 1243, 1245, 1249, 1252, 1253, 1254, 1257, 1261, 1263, 1265, 1266, 1269, 1271, 1272, 1276, 1278, 1279, 1283, 1286, 1290, 1293, 1295, 1307, 1310, 1314, 1316, 1317, 1319, 1323, 1326, 1327, 1328, 1332, 1334, 1336, 1337, 1338, 1344, 1346, 1350, 1352, 1354, 1357, 1358, 1360, 1362, 1366, 1367, 1369, 1371, 1377, 1379, 1380, 1383, 1384, 1385, 1386, 1388, 1391, 1392, 1393, 1395, 1396, 1397, 1399, 1401, 1402, 1403, 1408, 1411, 1413, 1416, 1421, 1422, 1424, 1425, 1426, 1428, 1430, 1431, 1437, 1443, 1445, 1447, 1449, 1450, 1451, 1452, 1453, 1454, 1455, 1456, 1457, 1460, 1462, 1465, 1470, 1472, 1474, 1480, 1484, 1488, 1489, 1493, 1495, 1499, 1500, 1501, 1510, 1512, 1514, 1517, 1519, 1520, 1522, 1523, 1525, 1526, 1530, 1531, 1532, 1535, 1537, 1538, 1542, 1543, 1544, 1547, 1549, 1554, 1556, 1562, 1568, 1571, 1577, 1578, 1579, 1581, 1586, 1587, 1588, 1589, 1590, 1593, 1595, 1599, 1601, 1603, 1609, 1619, 1625, 1627, 1629, 1630, 1634, 1639, 1640, 1644, 1645, 1648, 1654, 1658, 1662, 1667, 1668, 1673, 1676, 1679, 1680, 1681, 1682, 1686, 1689, 1703, 1704, 1708, 1709, 1711, 1712, 1718, 1721, 1727, 1731, 1732, 1733, 1735, 1736, 1737, 1742, 1749, 1751, 1753, 1759, 1762, 1765, 1767, 1768, 1769, 1770, 1773, 1776, 1782, 1783, 1784, 1793, 1795, 1802, 1807, 1811, 1813, 1815, 1816, 1817, 1823, 1826, 1828, 1829, 1830, 1831
--------------Fold 5----------------
Full feature f1 score micro: 0.2741
Fold selected f1 score micro: 0.1528
Time of PSO: 2715.7700
Selection ratio: 0.32
Selected features: 5, 10, 20, 22, 27, 31, 37, 39, 48, 49, 52, 53, 58, 61, 68, 76, 81, 82, 84, 85, 86, 87, 89, 94, 100, 102, 104, 106, 107, 108, 109, 113, 115, 121, 126, 131, 133, 136, 149, 151, 154, 160, 162, 171, 179, 182, 186, 191, 194, 197, 204, 212, 214, 218, 219, 223, 224, 227, 228, 230, 231, 232, 236, 240, 241, 243, 246, 247, 252, 255, 256, 257, 259, 260, 262, 263, 267, 270, 271, 274, 275, 276, 277, 282, 287, 293, 295, 298, 299, 303, 306, 307, 309, 315, 318, 320, 323, 327, 329, 330, 332, 333, 334, 338, 342, 344, 355, 359, 364, 366, 370, 380, 385, 392, 394, 395, 399, 404, 411, 413, 415, 417, 423, 425, 428, 431, 439, 441, 445, 446, 450, 459, 460, 461, 467, 468, 469, 473, 476, 478, 482, 483, 491, 492, 495, 498, 501, 502, 504, 506, 508, 509, 511, 514, 518, 519, 528, 530, 531, 533, 535, 539, 542, 544, 546, 547, 548, 549, 551, 555, 556, 559, 567, 574, 575, 577, 579, 584, 589, 592, 593, 594, 595, 596, 598, 601, 605, 610, 627, 630, 631, 637, 641, 642, 643, 644, 649, 652, 654, 658, 660, 665, 667, 669, 670, 672, 673, 675, 677, 679, 684, 688, 691, 697, 706, 707, 709, 710, 714, 715, 717, 718, 721, 722, 725, 728, 729, 731, 736, 738, 739, 741, 743, 751, 753, 754, 759, 761, 763, 764, 766, 767, 768, 772, 773, 776, 777, 780, 782, 786, 790, 791, 792, 794, 795, 797, 800, 804, 806, 807, 809, 814, 815, 816, 817, 819, 821, 822, 825, 826, 827, 829, 831, 835, 837, 838, 841, 842, 849, 851, 854, 861, 874, 880, 882, 889, 892, 893, 903, 904, 905, 907, 909, 914, 916, 921, 922, 927, 928, 935, 937, 939, 943, 947, 949, 955, 957, 960, 964, 965, 966, 974, 975, 982, 985, 989, 991, 992, 1005, 1009, 1012, 1014, 1019, 1024, 1031, 1032, 1038, 1039, 1052, 1054, 1061, 1063, 1065, 1068, 1069, 1073, 1077, 1079, 1081, 1092, 1094, 1095, 1097, 1101, 1102, 1105, 1106, 1109, 1111, 1112, 1117, 1118, 1119, 1120, 1122, 1123, 1124, 1128, 1130, 1134, 1138, 1141, 1143, 1148, 1150, 1152, 1155, 1157, 1159, 1160, 1161, 1162, 1164, 1165, 1166, 1169, 1171, 1172, 1173, 1174, 1176, 1179, 1182, 1185, 1186, 1189, 1194, 1203, 1204, 1206, 1208, 1210, 1217, 1219, 1229, 1233, 1239, 1241, 1251, 1254, 1256, 1257, 1258, 1259, 1263, 1264, 1265, 1266, 1274, 1275, 1279, 1285, 1287, 1289, 1292, 1293, 1295, 1297, 1308, 1317, 1318, 1321, 1326, 1330, 1332, 1334, 1337, 1338, 1343, 1350, 1353, 1356, 1362, 1363, 1365, 1366, 1368, 1371, 1372, 1373, 1376, 1382, 1383, 1384, 1386, 1387, 1391, 1393, 1398, 1400, 1401, 1404, 1405, 1406, 1407, 1417, 1419, 1421, 1422, 1424, 1426, 1428, 1429, 1434, 1435, 1437, 1447, 1449, 1452, 1453, 1454, 1460, 1462, 1463, 1469, 1479, 1480, 1491, 1494, 1495, 1500, 1502, 1503, 1512, 1515, 1517, 1527, 1529, 1531, 1533, 1540, 1542, 1545, 1547, 1551, 1554, 1556, 1558, 1559, 1560, 1562, 1564, 1569, 1570, 1575, 1577, 1578, 1583, 1584, 1586, 1593, 1607, 1609, 1613, 1614, 1616, 1618, 1619, 1625, 1636, 1641, 1644, 1647, 1654, 1660, 1663, 1665, 1669, 1673, 1675, 1683, 1684, 1688, 1689, 1692, 1694, 1695, 1696, 1698, 1701, 1702, 1705, 1706, 1707, 1711, 1713, 1722, 1723, 1727, 1730, 1733, 1745, 1748, 1749, 1751, 1754, 1758, 1759, 1762, 1764, 1767, 1770, 1772, 1773, 1779, 1780, 1782, 1786, 1789, 1790, 1793, 1796, 1808, 1809, 1810, 1813, 1815, 1817, 1819, 1820, 1824, 1826, 1828, 1829
--------------Average----------------
Ave Full Accuracy: 0.2755
Ave Selection Accuracy: 0.1982
Ave time of PSO: 2695.6400
Ave Feature Ratio: 0.36
