--------------Fold 1----------------
Full feature f1 score micro: 0.5789
Fold selected f1 score micro: 0.1623
Time of PSO: 65.7200
Selection ratio: 0.36
Selected features: 2, 4, 7, 14, 15, 20, 27, 30, 33, 35, 41, 42, 45, 51, 55, 56, 62, 67, 69, 72, 74, 78, 79, 80, 82, 83, 86, 88, 90, 94, 95, 97, 98, 99, 100, 102, 106, 108, 113, 117, 121, 122, 128, 130, 132, 138, 139, 143, 145, 147, 150, 152, 156, 157, 162, 164, 165, 168, 169, 172, 181, 182, 183, 189, 192, 195, 198, 200, 201, 207, 209, 210, 212, 214, 218, 219, 222, 223, 224, 225, 231, 237, 238, 239, 244, 248, 249, 251, 253, 254, 255, 256, 257, 259, 262, 264, 266, 268, 269, 270, 276, 279, 282, 284, 286, 288, 294, 298, 300, 305, 307, 311, 313, 314, 316, 317, 318, 321, 323, 325, 326, 327, 331, 334, 336, 337, 339, 341, 342, 343, 344, 347, 348, 352, 353, 356, 357, 364, 366, 371, 372, 375, 377, 378, 382, 385, 387, 388, 389, 398, 399, 403, 405, 407, 409, 413, 420, 425, 426, 427, 428, 429, 437, 438, 439, 442, 445, 455, 461, 462, 463, 464, 465, 469, 473, 475, 476, 477, 479, 485, 488, 495, 500, 502, 503, 504, 505, 510, 516, 517, 523, 527, 528, 534, 536, 538, 541, 545, 553, 556, 558, 561, 566, 571, 573, 579, 580, 581, 583, 587, 590, 596, 602, 603, 605, 607, 608, 609, 611, 615, 616, 617, 618, 620, 622, 623, 628, 631, 632, 635, 636, 642, 648, 653, 656, 658, 660, 661, 667, 668, 669, 670, 671, 672, 682, 683, 688, 690, 692, 693, 694, 696, 699, 701, 703, 704, 713, 715, 717, 719, 723, 725, 726, 727, 730, 731, 734, 735, 736, 737, 740, 741, 743, 744, 745, 748, 749, 756, 757, 759, 765, 768, 769, 771, 773, 787, 790, 794, 796, 797, 803, 804, 805, 809, 812, 823, 828, 834, 835, 836, 839, 841, 847, 852, 853, 854, 858, 860, 862, 863, 864, 865, 869, 870, 871, 887, 898, 905, 906, 908, 910, 912, 913, 914, 915, 917, 920, 924, 925, 926, 937, 941, 943, 945, 946, 947, 949, 954, 955, 956, 968, 970, 975, 977, 979, 981, 983, 989, 991, 994, 995, 997, 998, 1000, 1001, 1002, 1003, 1006, 1010, 1012, 1017, 1018, 1019, 1022, 1024, 1025, 1026, 1028, 1035, 1036, 1038, 1039, 1043, 1044, 1047, 1048, 1054, 1058, 1059, 1062, 1068, 1070, 1071, 1072, 1073, 1074, 1076, 1083, 1090, 1093, 1096, 1101, 1102, 1103, 1104, 1106, 1108, 1110, 1114, 1119, 1121, 1122, 1125, 1128, 1129, 1137, 1139, 1140, 1142, 1143, 1144, 1150, 1151, 1153, 1155, 1157, 1164, 1174, 1177, 1179, 1181, 1182, 1183, 1184
--------------Fold 2----------------
Full feature f1 score micro: 0.5839
Fold selected f1 score micro: 0.2160
Time of PSO: 65.7000
Selection ratio: 0.32
Selected features: 3, 10, 12, 20, 40, 41, 42, 44, 49, 50, 55, 57, 59, 60, 62, 63, 64, 65, 68, 72, 76, 77, 79, 82, 84, 85, 90, 93, 97, 103, 105, 108, 110, 115, 117, 122, 124, 128, 131, 132, 133, 134, 135, 137, 138, 139, 144, 145, 146, 147, 148, 149, 152, 156, 157, 159, 168, 169, 171, 176, 178, 185, 187, 190, 193, 195, 196, 199, 200, 204, 205, 206, 216, 217, 223, 230, 233, 236, 244, 246, 249, 251, 254, 258, 259, 260, 261, 273, 274, 276, 279, 280, 283, 284, 288, 289, 290, 291, 295, 297, 299, 300, 302, 303, 306, 307, 308, 310, 323, 332, 333, 340, 343, 344, 346, 347, 348, 350, 353, 355, 357, 358, 360, 364, 366, 369, 372, 374, 376, 379, 380, 385, 387, 388, 389, 391, 392, 395, 397, 403, 405, 407, 408, 412, 417, 421, 428, 435, 436, 438, 439, 444, 445, 446, 448, 450, 452, 454, 456, 464, 470, 472, 474, 479, 483, 486, 488, 491, 493, 502, 505, 506, 510, 511, 512, 513, 519, 522, 523, 524, 525, 527, 531, 532, 533, 541, 542, 548, 549, 558, 563, 564, 567, 570, 574, 575, 576, 577, 578, 580, 592, 600, 603, 610, 611, 614, 618, 621, 625, 628, 639, 644, 649, 660, 667, 670, 671, 675, 679, 680, 686, 690, 691, 693, 697, 700, 704, 705, 709, 711, 712, 715, 716, 718, 720, 726, 731, 732, 733, 739, 749, 752, 757, 759, 761, 764, 766, 767, 772, 775, 778, 779, 780, 784, 791, 802, 803, 807, 808, 811, 813, 816, 817, 821, 824, 828, 839, 844, 846, 849, 852, 858, 859, 862, 869, 876, 882, 886, 888, 892, 894, 896, 905, 909, 915, 917, 918, 919, 921, 925, 927, 934, 947, 951, 956, 959, 962, 963, 966, 968, 974, 976, 978, 979, 984, 986, 989, 990, 993, 996, 1001, 1002, 1005, 1009, 1013, 1014, 1015, 1016, 1021, 1025, 1026, 1027, 1028, 1031, 1035, 1039, 1040, 1042, 1044, 1048, 1049, 1050, 1051, 1054, 1055, 1059, 1061, 1062, 1063, 1064, 1072, 1073, 1076, 1080, 1082, 1083, 1087, 1089, 1097, 1098, 1103, 1104, 1108, 1110, 1111, 1112, 1113, 1115, 1118, 1120, 1121, 1128, 1129, 1131, 1132, 1151, 1153, 1157, 1159, 1161, 1169, 1172, 1173, 1174, 1178, 1180, 1181, 1184, 1185
--------------Fold 3----------------
Full feature f1 score micro: 0.5448
Fold selected f1 score micro: 0.1266
Time of PSO: 72.2200
Selection ratio: 0.37
Selected features: 2, 12, 14, 23, 29, 30, 31, 33, 40, 41, 43, 46, 48, 50, 52, 53, 57, 59, 60, 61, 62, 64, 66, 70, 71, 74, 75, 77, 78, 79, 80, 82, 84, 86, 88, 90, 91, 92, 95, 99, 100, 103, 104, 107, 108, 109, 110, 112, 114, 117, 119, 125, 126, 130, 131, 132, 133, 134, 135, 137, 138, 139, 140, 141, 142, 146, 147, 151, 152, 154, 157, 159, 161, 166, 173, 176, 180, 181, 185, 187, 189, 192, 197, 198, 201, 206, 208, 212, 218, 219, 220, 225, 231, 232, 238, 246, 248, 250, 253, 256, 259, 261, 262, 265, 266, 275, 276, 278, 281, 283, 287, 289, 290, 291, 293, 297, 301, 302, 304, 305, 307, 308, 309, 310, 311, 320, 325, 333, 340, 342, 344, 345, 346, 348, 349, 351, 354, 355, 363, 365, 368, 371, 374, 375, 376, 380, 381, 382, 387, 389, 390, 391, 393, 394, 405, 410, 411, 413, 414, 419, 423, 424, 430, 431, 433, 434, 437, 438, 439, 441, 445, 448, 450, 452, 454, 462, 464, 466, 467, 472, 476, 477, 480, 481, 484, 485, 488, 489, 493, 495, 497, 499, 501, 502, 503, 504, 506, 507, 508, 509, 510, 512, 514, 515, 521, 523, 524, 525, 527, 533, 535, 539, 544, 546, 550, 551, 552, 555, 556, 559, 560, 562, 565, 567, 568, 569, 576, 577, 580, 589, 600, 602, 604, 605, 611, 613, 616, 617, 620, 623, 624, 628, 630, 634, 635, 638, 641, 642, 646, 647, 648, 651, 655, 659, 662, 669, 673, 677, 680, 682, 685, 692, 693, 695, 702, 703, 706, 707, 709, 710, 711, 712, 714, 717, 718, 719, 722, 723, 725, 728, 733, 734, 735, 741, 744, 745, 750, 751, 753, 754, 756, 759, 766, 768, 769, 770, 774, 780, 782, 783, 784, 789, 790, 793, 794, 798, 799, 805, 809, 811, 813, 814, 815, 818, 823, 824, 826, 829, 842, 846, 851, 853, 855, 858, 860, 861, 863, 864, 871, 878, 884, 886, 888, 896, 898, 907, 908, 911, 919, 921, 926, 927, 929, 930, 932, 938, 941, 949, 950, 954, 957, 958, 964, 965, 970, 974, 976, 978, 981, 987, 988, 995, 998, 1003, 1007, 1016, 1018, 1020, 1023, 1027, 1028, 1029, 1033, 1037, 1038, 1041, 1042, 1046, 1050, 1052, 1053, 1054, 1056, 1057, 1058, 1061, 1063, 1064, 1065, 1066, 1067, 1069, 1071, 1074, 1075, 1078, 1079, 1082, 1084, 1085, 1086, 1088, 1089, 1091, 1100, 1102, 1104, 1105, 1106, 1110, 1112, 1113, 1119, 1123, 1124, 1126, 1131, 1133, 1134, 1135, 1136, 1139, 1147, 1154, 1157, 1159, 1161, 1163, 1164, 1168, 1171, 1175, 1176, 1177, 1180, 1182
--------------Fold 4----------------
Full feature f1 score micro: 0.5826
Fold selected f1 score micro: 0.3015
Time of PSO: 57.5200
Selection ratio: 0.39
Selected features: 1, 2, 3, 6, 9, 12, 16, 17, 20, 21, 25, 26, 32, 34, 38, 40, 54, 62, 65, 67, 72, 73, 74, 81, 85, 86, 87, 89, 91, 97, 104, 107, 108, 113, 116, 118, 119, 124, 127, 128, 129, 130, 134, 137, 141, 142, 144, 145, 153, 154, 155, 161, 165, 167, 169, 171, 173, 176, 178, 179, 180, 184, 185, 187, 190, 192, 195, 196, 197, 198, 203, 206, 207, 210, 211, 212, 214, 217, 219, 221, 222, 231, 236, 237, 239, 240, 243, 244, 245, 247, 248, 252, 256, 264, 268, 272, 273, 274, 275, 277, 280, 281, 282, 286, 287, 289, 290, 291, 295, 296, 299, 304, 305, 308, 312, 313, 314, 316, 319, 320, 321, 327, 328, 334, 336, 338, 340, 343, 347, 352, 354, 355, 357, 359, 361, 364, 366, 368, 374, 376, 377, 382, 383, 390, 397, 401, 403, 406, 409, 412, 413, 415, 421, 425, 426, 436, 437, 438, 442, 444, 445, 452, 456, 458, 460, 463, 465, 470, 471, 473, 482, 484, 489, 491, 492, 495, 497, 501, 502, 503, 504, 508, 511, 512, 514, 515, 518, 519, 522, 524, 526, 529, 531, 535, 539, 540, 542, 543, 545, 546, 547, 549, 550, 555, 560, 561, 565, 566, 567, 569, 571, 573, 574, 576, 579, 588, 589, 590, 592, 593, 595, 596, 598, 601, 604, 605, 607, 608, 609, 617, 619, 620, 621, 622, 625, 629, 631, 634, 636, 637, 638, 640, 641, 645, 647, 648, 653, 656, 658, 659, 662, 667, 671, 672, 673, 679, 681, 685, 687, 688, 691, 692, 693, 695, 698, 703, 704, 705, 706, 708, 709, 712, 714, 718, 719, 720, 723, 724, 727, 728, 731, 732, 735, 738, 740, 742, 746, 747, 749, 750, 751, 753, 756, 757, 760, 763, 766, 770, 772, 773, 775, 778, 779, 786, 789, 790, 793, 796, 802, 806, 809, 815, 821, 830, 832, 834, 838, 839, 842, 848, 851, 852, 855, 856, 859, 866, 867, 868, 869, 874, 876, 877, 878, 881, 883, 887, 888, 892, 900, 901, 903, 904, 909, 910, 913, 914, 915, 918, 919, 921, 931, 932, 935, 936, 937, 940, 944, 946, 947, 949, 950, 951, 953, 955, 958, 959, 960, 963, 964, 965, 968, 969, 971, 979, 983, 984, 986, 987, 991, 992, 997, 1001, 1002, 1004, 1005, 1007, 1011, 1012, 1013, 1014, 1015, 1017, 1018, 1019, 1020, 1021, 1027, 1030, 1035, 1036, 1037, 1046, 1052, 1053, 1057, 1061, 1064, 1065, 1066, 1069, 1071, 1073, 1075, 1077, 1079, 1080, 1082, 1083, 1093, 1096, 1097, 1098, 1101, 1102, 1103, 1104, 1106, 1109, 1112, 1114, 1115, 1122, 1123, 1124, 1126, 1127, 1131, 1132, 1135, 1136, 1143, 1146, 1147, 1148, 1149, 1151, 1152, 1153, 1156, 1157, 1158, 1160, 1161, 1162, 1165, 1169, 1174, 1177, 1178, 1180, 1181, 1182, 1184, 1185
--------------Fold 5----------------
Full feature f1 score micro: 0.4335
Fold selected f1 score micro: 0.3518
Time of PSO: 57.7900
Selection ratio: 0.29
Selected features: 15, 36, 46, 49, 51, 52, 53, 56, 60, 62, 65, 67, 68, 69, 74, 77, 78, 80, 81, 82, 87, 91, 98, 108, 110, 111, 112, 113, 114, 115, 117, 122, 128, 133, 134, 136, 137, 138, 140, 143, 144, 145, 150, 154, 155, 162, 163, 164, 176, 178, 180, 183, 184, 190, 193, 195, 200, 201, 204, 205, 209, 211, 221, 222, 223, 227, 230, 241, 250, 251, 259, 260, 262, 265, 276, 278, 279, 284, 285, 286, 292, 293, 294, 295, 296, 300, 304, 305, 307, 312, 313, 321, 328, 329, 345, 349, 351, 352, 353, 355, 362, 371, 374, 379, 380, 381, 383, 384, 385, 390, 392, 393, 394, 395, 401, 402, 405, 406, 407, 408, 413, 417, 418, 420, 421, 422, 426, 427, 433, 434, 440, 441, 444, 448, 450, 451, 455, 457, 463, 465, 467, 468, 470, 477, 479, 484, 487, 488, 491, 493, 494, 496, 500, 506, 510, 511, 512, 514, 515, 516, 517, 518, 523, 524, 527, 528, 530, 532, 537, 541, 542, 553, 554, 555, 558, 559, 566, 570, 572, 575, 579, 580, 583, 586, 597, 603, 604, 605, 608, 615, 616, 619, 623, 633, 638, 642, 645, 649, 650, 654, 665, 672, 676, 680, 684, 686, 688, 691, 692, 695, 696, 698, 702, 705, 709, 712, 714, 720, 721, 723, 725, 731, 732, 736, 737, 738, 743, 744, 747, 752, 753, 756, 757, 766, 769, 771, 772, 776, 777, 783, 785, 789, 801, 808, 812, 813, 816, 818, 821, 822, 825, 826, 845, 849, 861, 863, 867, 876, 879, 887, 891, 899, 901, 906, 910, 914, 919, 922, 923, 924, 927, 928, 929, 931, 932, 939, 943, 944, 952, 961, 967, 968, 973, 976, 981, 984, 989, 991, 998, 1006, 1018, 1019, 1020, 1022, 1023, 1026, 1030, 1032, 1036, 1040, 1045, 1053, 1059, 1060, 1064, 1067, 1068, 1069, 1070, 1074, 1076, 1077, 1078, 1081, 1083, 1085, 1092, 1109, 1113, 1116, 1120, 1126, 1133, 1134, 1137, 1138, 1149, 1156, 1157, 1162, 1164, 1166, 1168, 1171, 1174, 1177, 1179, 1180, 1183
--------------Average----------------
Ave Full Accuracy: 0.5448
Ave Selection Accuracy: 0.2317
Ave time of PSO: 63.7900
Ave Feature Ratio: 0.34
