--------------Fold 1----------------
Full feature f1 score micro: 0.4299
Fold selected f1 score micro: 0.3564
Time of PSO: 55.4900
Selection ratio: 0.34
Selected features: 1, 3, 4, 5, 7, 12, 17, 21, 23, 26, 32, 33, 37, 38, 39, 40, 42, 43, 44, 45, 48, 50, 53, 55, 56, 58, 66, 67, 68, 69, 72, 75, 86, 92, 95, 96, 97, 105, 110, 115, 117, 120, 124, 127, 130, 131, 132, 133, 140, 142, 159, 162, 166, 168, 169, 171, 173, 174, 175, 176, 181, 187, 192, 195, 198, 202, 204, 205, 207, 211, 215, 219, 221, 224, 225, 227, 230, 232, 235, 236, 240, 241, 242, 247, 248, 249, 251, 253
--------------Fold 2----------------
Full feature f1 score micro: 0.5619
Fold selected f1 score micro: 0.4195
Time of PSO: 53.5900
Selection ratio: 0.41
Selected features: 0, 1, 6, 7, 8, 13, 17, 18, 23, 24, 27, 29, 34, 41, 44, 46, 48, 49, 50, 51, 53, 61, 62, 70, 76, 79, 80, 81, 83, 90, 91, 92, 94, 96, 98, 100, 101, 104, 106, 111, 116, 117, 119, 120, 122, 125, 127, 128, 130, 133, 134, 137, 138, 139, 143, 146, 148, 149, 150, 153, 154, 155, 157, 158, 159, 160, 161, 162, 171, 172, 174, 179, 180, 187, 188, 190, 194, 195, 196, 198, 200, 204, 206, 208, 209, 210, 214, 219, 221, 227, 229, 232, 237, 239, 240, 242, 244, 246, 249, 250, 253, 254, 255, 256, 257, 258
--------------Fold 3----------------
Full feature f1 score micro: 0.4236
Fold selected f1 score micro: 0.2927
Time of PSO: 47.9000
Selection ratio: 0.31
Selected features: 0, 4, 9, 10, 14, 17, 24, 28, 30, 35, 38, 40, 50, 51, 56, 62, 65, 67, 69, 70, 74, 75, 76, 77, 78, 85, 86, 92, 97, 98, 101, 105, 106, 108, 109, 112, 116, 117, 119, 120, 124, 125, 129, 132, 134, 139, 141, 143, 158, 165, 176, 180, 186, 187, 189, 190, 194, 195, 198, 205, 207, 213, 215, 218, 219, 221, 223, 226, 228, 232, 234, 235, 236, 239, 242, 243, 244, 245, 247, 250, 259
--------------Fold 4----------------
Full feature f1 score micro: 0.5592
Fold selected f1 score micro: 0.3789
Time of PSO: 47.7300
Selection ratio: 0.32
Selected features: 0, 1, 3, 6, 9, 10, 13, 20, 21, 27, 29, 33, 34, 36, 38, 45, 47, 48, 49, 52, 53, 56, 58, 65, 66, 70, 74, 75, 77, 79, 82, 92, 93, 94, 95, 99, 102, 103, 104, 109, 113, 115, 117, 121, 122, 123, 124, 127, 128, 135, 138, 141, 143, 147, 148, 154, 161, 165, 172, 174, 175, 182, 183, 186, 199, 205, 206, 212, 214, 217, 221, 225, 228, 230, 234, 235, 238, 240, 241, 242, 243, 245, 250, 255
--------------Fold 5----------------
Full feature f1 score micro: 0.4774
Fold selected f1 score micro: 0.3923
Time of PSO: 47.9300
Selection ratio: 0.34
Selected features: 0, 3, 6, 12, 14, 17, 18, 23, 24, 25, 26, 31, 32, 35, 36, 43, 47, 53, 54, 56, 60, 69, 70, 71, 74, 77, 79, 81, 84, 86, 90, 95, 96, 98, 101, 102, 105, 107, 112, 123, 132, 133, 135, 136, 140, 141, 148, 151, 152, 156, 158, 161, 162, 163, 166, 171, 174, 176, 187, 188, 189, 191, 192, 193, 194, 195, 196, 198, 199, 204, 209, 215, 216, 217, 223, 224, 225, 227, 234, 235, 238, 241, 245, 246, 250, 251, 254, 256, 257
--------------Average----------------
Ave Full Accuracy: 0.4904
Ave Selection Accuracy: 0.3680
Ave time of PSO: 50.5280
Ave Feature Ratio: 0.34
