--------------Fold 1----------------
Full feature f1 score micro: 0.1387
Fold selected f1 score micro: 0.0881
Time of PSO: 4782.4000
Selection ratio: 0.33
Selected features: 2, 8, 12, 15, 16, 20, 21, 35, 37, 39, 40, 41, 46, 48, 49, 51, 57, 63, 66, 67, 69, 72, 74, 76, 77, 83, 84, 88, 89, 94, 99, 100, 103, 104, 105, 111, 117, 122, 123, 124, 126, 127, 129, 130, 133, 137, 138, 139, 145, 147, 152, 155, 156, 158, 159, 164, 166, 168, 172, 174, 176, 177, 180, 181, 183, 185, 191, 192, 193, 195, 196, 197, 198, 201, 204, 206, 210, 219, 222, 223, 224, 228, 230, 231, 233, 235, 236, 237, 242, 247, 250, 256, 263, 264, 266, 271, 272, 276, 279, 282, 284, 285, 286, 295, 298, 300, 302, 305, 316, 319, 320, 322, 326, 327, 329, 331, 332, 333, 337, 344, 351, 352, 354, 356, 358, 362, 363, 365, 367, 374, 376, 389, 390, 391, 396, 399, 400, 402, 405, 406, 408, 412, 415, 416, 418, 422, 425, 428, 430, 433, 443, 447, 449, 452, 460, 464, 481, 483, 484, 485, 486, 488, 489, 496, 497, 498
--------------Fold 2----------------
Full feature f1 score micro: 0.1355
Fold selected f1 score micro: 0.0756
Time of PSO: 4182.0400
Selection ratio: 0.32
Selected features: 2, 12, 13, 14, 17, 19, 20, 24, 29, 30, 32, 33, 36, 44, 47, 48, 54, 57, 60, 63, 66, 67, 68, 71, 72, 76, 78, 80, 81, 84, 85, 87, 89, 91, 96, 97, 101, 105, 107, 108, 109, 111, 113, 116, 124, 133, 137, 138, 139, 141, 145, 146, 149, 152, 159, 162, 166, 168, 175, 176, 177, 178, 185, 190, 191, 194, 195, 196, 198, 210, 211, 212, 214, 216, 217, 219, 221, 222, 229, 231, 232, 233, 234, 238, 239, 240, 243, 245, 249, 252, 257, 275, 282, 286, 287, 289, 290, 291, 295, 304, 316, 326, 328, 329, 336, 337, 343, 345, 346, 347, 353, 361, 363, 365, 366, 373, 377, 380, 382, 383, 385, 388, 390, 392, 394, 395, 401, 408, 419, 420, 422, 426, 427, 428, 430, 438, 440, 441, 443, 444, 446, 449, 451, 455, 457, 463, 464, 467, 472, 474, 475, 476, 482, 483, 486, 490, 491, 495, 497
--------------Fold 3----------------
Full feature f1 score micro: 0.1197
Fold selected f1 score micro: 0.0698
Time of PSO: 3828.6200
Selection ratio: 0.37
Selected features: 5, 7, 10, 12, 15, 17, 19, 21, 22, 23, 24, 25, 26, 34, 38, 39, 40, 48, 49, 54, 58, 60, 62, 65, 66, 67, 69, 73, 77, 83, 85, 87, 90, 93, 95, 97, 100, 107, 112, 114, 116, 118, 123, 126, 128, 129, 131, 136, 137, 140, 144, 145, 146, 147, 150, 153, 154, 155, 156, 157, 163, 165, 167, 171, 174, 175, 176, 178, 179, 181, 188, 190, 191, 192, 196, 197, 198, 199, 201, 203, 206, 210, 212, 214, 215, 220, 221, 227, 228, 230, 231, 232, 236, 241, 244, 245, 246, 247, 249, 251, 252, 259, 263, 266, 268, 269, 272, 276, 279, 282, 284, 290, 294, 296, 300, 304, 316, 317, 318, 319, 321, 326, 329, 332, 333, 337, 342, 346, 347, 350, 353, 354, 355, 356, 360, 361, 362, 373, 377, 383, 384, 387, 389, 391, 392, 393, 396, 400, 401, 403, 404, 409, 410, 412, 414, 416, 418, 425, 435, 437, 438, 440, 444, 445, 448, 451, 452, 454, 455, 459, 460, 462, 467, 469, 472, 476, 481, 486, 488, 491, 493, 494, 497
--------------Fold 4----------------
Full feature f1 score micro: 0.1333
Fold selected f1 score micro: 0.0896
Time of PSO: 3137.4500
Selection ratio: 0.40
Selected features: 0, 6, 17, 18, 21, 23, 24, 27, 32, 33, 34, 40, 41, 43, 46, 48, 49, 51, 56, 58, 61, 67, 70, 72, 75, 77, 82, 84, 85, 88, 89, 93, 95, 105, 109, 111, 112, 113, 115, 118, 120, 122, 126, 130, 137, 141, 142, 143, 149, 150, 151, 153, 156, 160, 161, 163, 166, 167, 168, 170, 171, 172, 174, 180, 182, 194, 195, 196, 198, 199, 200, 202, 203, 205, 209, 215, 216, 220, 224, 225, 226, 227, 235, 236, 237, 238, 240, 242, 244, 247, 249, 250, 251, 252, 253, 255, 256, 257, 259, 260, 261, 265, 266, 271, 272, 276, 280, 281, 282, 286, 289, 290, 294, 295, 298, 299, 304, 305, 306, 308, 313, 320, 324, 330, 331, 333, 334, 339, 340, 341, 342, 345, 347, 348, 349, 350, 352, 353, 355, 357, 361, 365, 368, 370, 372, 375, 377, 381, 387, 389, 391, 392, 394, 396, 397, 405, 408, 412, 413, 415, 417, 418, 419, 423, 425, 426, 428, 429, 430, 431, 432, 434, 436, 437, 439, 443, 444, 445, 447, 448, 452, 453, 454, 456, 459, 461, 463, 468, 470, 471, 474, 475, 476, 478, 480, 481, 486, 490, 491, 494, 495
--------------Fold 5----------------
Full feature f1 score micro: 0.1302
Fold selected f1 score micro: 0.0664
Time of PSO: 2979.7700
Selection ratio: 0.33
Selected features: 3, 11, 15, 16, 17, 18, 19, 20, 25, 30, 32, 33, 34, 42, 47, 53, 54, 55, 58, 64, 67, 68, 69, 71, 72, 77, 79, 81, 88, 92, 97, 98, 102, 104, 107, 108, 109, 110, 114, 117, 125, 133, 136, 138, 139, 140, 142, 144, 145, 146, 147, 149, 150, 151, 153, 163, 168, 169, 170, 176, 178, 179, 183, 186, 191, 192, 193, 196, 202, 207, 209, 213, 217, 218, 226, 229, 230, 232, 235, 239, 240, 246, 250, 251, 254, 258, 262, 267, 280, 290, 291, 292, 293, 296, 298, 304, 305, 318, 320, 324, 325, 329, 330, 331, 337, 338, 347, 348, 354, 362, 364, 366, 367, 372, 374, 375, 378, 381, 383, 384, 386, 389, 391, 395, 396, 401, 402, 408, 409, 412, 416, 419, 420, 421, 423, 424, 425, 428, 429, 438, 439, 442, 444, 445, 447, 450, 452, 455, 456, 459, 461, 463, 464, 465, 467, 473, 475, 479, 484, 490, 491, 496, 497, 498
--------------Average----------------
Ave Full Accuracy: 0.1315
Ave Selection Accuracy: 0.0779
Ave time of PSO: 3782.0560
Ave Feature Ratio: 0.35
