--------------Fold 1----------------
Full feature f1 score micro: 0.0502
Fold selected standard PSO f1 score micro: 0.0541
Fold selected super simple PSO f1 score micro: 0.0573
Time of standard PSO: 15.3100
Time of super simple PSO: 8.1500
Selection standard PSO ratio: 0.45
Selection super simple PSO ratio: 0.31
Selected features standard PSO: 2, 4, 5, 7, 9, 12, 13, 20, 21, 24, 25, 28, 29, 31, 32, 35, 37, 44, 49, 50, 51, 53, 56, 58, 59, 62, 64, 68, 70, 71, 73, 78, 82, 83, 84, 86, 88, 89, 95, 100, 102, 103, 104, 105, 109, 110, 111, 112, 113, 116, 117, 121, 123, 125, 126, 127, 128, 131, 136, 137, 138, 140, 141, 145, 146, 148, 152, 153, 155, 158, 161, 163, 167, 170, 171, 172, 177, 180, 182, 183, 184, 186, 187, 188, 190, 193, 195, 196, 199, 202, 203, 205, 207, 210, 216, 218, 219, 220, 222, 226, 227, 229, 230, 232, 233, 235, 237, 240, 243, 244, 245, 246, 248, 250, 254, 259
Selected features super simple PSO: 1, 3, 6, 7, 8, 13, 14, 15, 30, 31, 34, 37, 40, 45, 47, 48, 57, 60, 62, 63, 66, 70, 75, 76, 82, 85, 86, 90, 95, 99, 101, 104, 110, 113, 114, 115, 116, 117, 124, 125, 145, 149, 163, 166, 167, 168, 170, 171, 172, 173, 176, 177, 179, 181, 184, 185, 186, 192, 198, 199, 200, 201, 202, 206, 210, 214, 218, 221, 223, 227, 235, 238, 239, 243, 244, 245, 246, 249, 252, 254, 258
--------------Fold 2----------------
Full feature f1 score micro: 0.0475
Fold selected standard PSO f1 score micro: 0.0534
Fold selected super simple PSO f1 score micro: 0.0514
Time of standard PSO: 15.3000
Time of super simple PSO: 8.0000
Selection standard PSO ratio: 0.32
Selection super simple PSO ratio: 0.33
Selected features standard PSO: 0, 1, 6, 8, 10, 11, 15, 16, 18, 20, 25, 26, 28, 39, 44, 45, 49, 54, 55, 57, 58, 60, 63, 68, 69, 70, 71, 72, 79, 85, 86, 89, 92, 97, 110, 113, 116, 118, 122, 127, 128, 129, 134, 135, 141, 146, 148, 149, 150, 155, 156, 157, 158, 159, 162, 170, 171, 181, 187, 192, 194, 197, 200, 202, 205, 206, 207, 209, 212, 217, 218, 222, 224, 226, 229, 231, 234, 236, 253, 254, 256, 257, 258
Selected features super simple PSO: 1, 4, 10, 17, 18, 22, 31, 35, 37, 39, 40, 41, 44, 47, 50, 52, 53, 54, 61, 69, 70, 72, 74, 78, 91, 93, 94, 95, 96, 97, 98, 100, 102, 106, 109, 110, 111, 114, 115, 116, 119, 123, 128, 130, 133, 135, 142, 144, 145, 147, 152, 154, 158, 161, 166, 167, 169, 172, 173, 183, 191, 200, 203, 205, 212, 215, 219, 221, 222, 223, 228, 229, 232, 233, 234, 237, 238, 239, 240, 241, 246, 248, 251, 252, 253, 259
--------------Fold 3----------------
Full feature f1 score micro: 0.0485
Fold selected standard PSO f1 score micro: 0.0502
Fold selected super simple PSO f1 score micro: 0.0494
Time of standard PSO: 15.7100
Time of super simple PSO: 8.3700
Selection standard PSO ratio: 0.42
Selection super simple PSO ratio: 0.34
Selected features standard PSO: 1, 4, 5, 12, 16, 22, 25, 27, 29, 30, 31, 33, 34, 36, 38, 42, 44, 45, 46, 47, 50, 53, 61, 63, 67, 68, 69, 70, 72, 75, 77, 79, 83, 86, 87, 88, 91, 93, 95, 96, 97, 98, 100, 103, 104, 105, 111, 114, 115, 116, 117, 118, 119, 120, 121, 122, 124, 125, 126, 127, 131, 132, 133, 134, 138, 139, 142, 151, 153, 161, 165, 166, 168, 172, 175, 177, 178, 182, 185, 186, 187, 188, 189, 192, 193, 195, 196, 197, 198, 199, 200, 208, 211, 213, 214, 216, 219, 224, 225, 235, 236, 248, 249, 251, 252, 254, 257, 258
Selected features super simple PSO: 5, 7, 8, 10, 11, 13, 16, 17, 19, 23, 24, 25, 26, 28, 43, 46, 51, 54, 57, 62, 64, 65, 70, 74, 79, 91, 92, 95, 96, 98, 108, 109, 110, 118, 122, 124, 126, 130, 131, 132, 135, 136, 140, 145, 146, 150, 151, 156, 158, 161, 163, 165, 170, 171, 176, 177, 178, 183, 185, 190, 193, 196, 198, 199, 203, 208, 209, 214, 218, 219, 224, 225, 227, 230, 232, 233, 235, 239, 240, 241, 244, 246, 248, 251, 252, 254, 255, 257, 258
--------------Average----------------
Ave Full Accuracy micro: 0.0487
Ave Standard PSO Selection Accuracy micro: 0.0525
Ave Super simple PSO Selection Accuracy  micro: 0.0527
Ave time of Standard PSO: 15.4400
Ave time of Super simple PSO: 8.1733
Ave Standard PSO Feature Ratio: 0.39
Ave Super simple PSO Feature Ratio: 0.33
