--------------Fold 1----------------
Full feature f1 score micro: 0.1008
Fold selected standard PSO f1 score micro: 0.1161
Fold selected super simple PSO f1 score micro: 0.1108
Time of standard PSO: 51.4100
Time of super simple PSO: 45.6300
Selection standard PSO ratio: 0.42
Selection super simple PSO ratio: 0.45
Selected features standard PSO: 0, 1, 4, 6, 7, 10, 11, 23, 24, 26, 27, 28, 35, 39, 40, 44, 45, 51, 52, 53, 56, 57, 59, 60, 63, 66, 67, 68, 72, 73, 76, 81, 83, 88, 90, 92, 94, 95, 96, 99, 100, 103, 108, 115, 119, 120, 124, 125, 128, 129, 131, 132, 133, 135, 136, 137, 139, 140, 141, 143, 144, 145, 146, 147, 149, 150, 155, 157, 159, 160, 161, 162, 164, 165, 167, 168, 169, 172, 175, 181, 182, 183, 191, 195, 200, 209, 210, 211, 212, 214, 218, 222, 225, 226, 227, 231, 232, 235, 237, 239, 243, 245, 246, 248, 252, 253, 254, 256, 259, 262, 264, 266, 268, 271, 276, 277, 279, 282, 286, 288, 289, 291, 292
Selected features super simple PSO: 0, 4, 6, 15, 19, 21, 22, 24, 25, 26, 27, 30, 31, 35, 36, 37, 38, 40, 42, 43, 45, 46, 51, 55, 57, 58, 59, 61, 70, 73, 77, 79, 80, 81, 84, 87, 93, 96, 97, 102, 106, 109, 111, 114, 118, 120, 121, 122, 125, 128, 130, 131, 135, 136, 137, 138, 140, 147, 150, 152, 153, 154, 155, 158, 159, 161, 164, 166, 168, 169, 170, 171, 173, 174, 175, 183, 185, 188, 189, 191, 192, 193, 195, 196, 197, 198, 202, 203, 206, 210, 211, 212, 215, 216, 220, 223, 226, 229, 232, 235, 236, 237, 238, 239, 240, 242, 246, 247, 248, 249, 253, 255, 257, 262, 264, 266, 267, 269, 270, 271, 272, 273, 276, 277, 278, 279, 280, 283, 288, 292, 293
--------------Fold 2----------------
Full feature f1 score micro: 0.1040
Fold selected standard PSO f1 score micro: 0.1021
Fold selected super simple PSO f1 score micro: 0.1083
Time of standard PSO: 52.7200
Time of super simple PSO: 46.0600
Selection standard PSO ratio: 0.45
Selection super simple PSO ratio: 0.45
Selected features standard PSO: 0, 1, 4, 7, 11, 12, 13, 14, 15, 21, 23, 24, 27, 28, 31, 33, 34, 37, 39, 40, 42, 43, 44, 48, 50, 51, 55, 56, 57, 58, 60, 64, 65, 66, 68, 70, 71, 74, 75, 77, 79, 80, 84, 89, 90, 91, 92, 93, 95, 96, 97, 100, 101, 105, 109, 110, 111, 112, 113, 114, 119, 120, 122, 124, 126, 128, 129, 131, 133, 135, 136, 140, 142, 145, 148, 149, 150, 151, 154, 158, 161, 164, 165, 168, 169, 172, 175, 178, 179, 180, 181, 182, 183, 186, 189, 192, 195, 196, 197, 198, 199, 205, 207, 210, 212, 213, 216, 217, 219, 224, 226, 232, 234, 235, 236, 238, 240, 241, 251, 252, 254, 260, 261, 270, 273, 274, 275, 279, 280, 283, 284, 292
Selected features super simple PSO: 0, 2, 4, 7, 16, 18, 21, 22, 23, 24, 26, 27, 29, 32, 34, 35, 36, 37, 38, 39, 40, 41, 43, 46, 47, 49, 50, 52, 53, 54, 64, 66, 67, 70, 77, 80, 81, 84, 87, 92, 95, 97, 101, 104, 107, 108, 109, 110, 112, 114, 118, 121, 122, 123, 129, 130, 132, 139, 142, 143, 144, 146, 151, 153, 155, 158, 160, 164, 169, 170, 171, 174, 177, 178, 180, 181, 182, 184, 185, 186, 187, 189, 190, 191, 193, 196, 199, 201, 206, 207, 210, 212, 214, 215, 220, 221, 223, 224, 226, 230, 231, 232, 233, 237, 242, 247, 248, 249, 251, 254, 255, 256, 257, 259, 260, 262, 264, 265, 267, 269, 271, 272, 274, 275, 278, 279, 282, 285, 289, 290, 291
--------------Fold 3----------------
Full feature f1 score micro: 0.0907
Fold selected standard PSO f1 score micro: 0.0962
Fold selected super simple PSO f1 score micro: 0.1037
Time of standard PSO: 52.2000
Time of super simple PSO: 42.8000
Selection standard PSO ratio: 0.41
Selection super simple PSO ratio: 0.39
Selected features standard PSO: 3, 4, 5, 8, 10, 11, 15, 16, 17, 18, 21, 23, 26, 27, 29, 30, 31, 40, 41, 42, 43, 45, 48, 52, 56, 59, 60, 61, 63, 65, 67, 69, 72, 76, 77, 82, 83, 85, 87, 89, 94, 95, 96, 97, 101, 103, 104, 115, 117, 119, 121, 122, 124, 125, 126, 127, 128, 130, 131, 133, 139, 144, 145, 146, 147, 151, 153, 154, 156, 162, 163, 166, 167, 170, 171, 175, 176, 177, 178, 179, 184, 185, 189, 190, 195, 198, 199, 204, 205, 206, 208, 209, 210, 212, 216, 218, 220, 224, 227, 228, 231, 233, 235, 243, 247, 251, 253, 254, 255, 263, 265, 266, 272, 273, 282, 284, 285, 286, 292, 293
Selected features super simple PSO: 0, 1, 5, 9, 11, 16, 17, 21, 22, 24, 25, 30, 31, 32, 33, 34, 39, 40, 45, 48, 50, 51, 54, 56, 60, 65, 66, 70, 71, 72, 74, 76, 77, 78, 80, 82, 83, 88, 89, 90, 91, 93, 98, 101, 104, 105, 106, 107, 109, 110, 112, 113, 115, 118, 121, 130, 131, 132, 133, 138, 141, 142, 149, 151, 158, 161, 164, 165, 170, 174, 176, 178, 180, 183, 184, 185, 190, 192, 193, 194, 197, 203, 205, 206, 213, 215, 219, 224, 226, 232, 240, 243, 250, 251, 252, 254, 257, 258, 260, 261, 263, 265, 270, 273, 274, 275, 276, 278, 280, 282, 285, 289, 290, 291, 293
--------------Average----------------
Ave Full Accuracy micro: 0.0985
Ave Standard PSO Selection Accuracy micro: 0.1048
Ave Super simple PSO Selection Accuracy  micro: 0.1076
Ave time of Standard PSO: 52.1100
Ave time of Super simple PSO: 44.8300
Ave Standard PSO Feature Ratio: 0.43
Ave Super simple PSO Feature Ratio: 0.43
