--------------Fold 1----------------
Full feature hamming loss: 0.0504
Fold selected standard PSO hamming loss: 0.0502
Fold selected super simple PSO hamming loss: 0.0507
Time of standard PSO: 26.8900
Time of super simple PSO: 13.9400
Selection standard PSO ratio: 0.35
Selection super simple PSO ratio: 0.37
Selected features standard PSO: 1, 5, 8, 13, 21, 22, 26, 29, 30, 31, 34, 35, 37, 39, 40, 41, 43, 49, 50, 52, 54, 57, 60, 62, 64, 66, 67, 71, 75, 76, 78, 80, 83, 84, 85, 87, 89, 91, 92, 99, 101, 102, 107, 115, 122, 124, 125, 127, 128, 131, 132, 134, 138, 142, 144, 145, 147, 148, 150, 151, 157, 158, 161, 162, 164, 166, 170, 174, 176, 186, 190, 191, 192, 203, 206, 209, 215, 216, 221, 227, 230, 233, 234, 237, 240, 241, 246, 251, 254, 258
Selected features super simple PSO: 1, 2, 3, 5, 6, 14, 19, 20, 25, 26, 29, 31, 32, 34, 35, 36, 37, 39, 41, 45, 48, 50, 51, 55, 58, 60, 61, 62, 63, 65, 69, 70, 75, 76, 78, 80, 83, 85, 86, 89, 104, 106, 110, 111, 112, 119, 127, 130, 132, 133, 138, 141, 142, 145, 146, 152, 154, 155, 156, 162, 163, 166, 168, 173, 174, 175, 177, 178, 181, 184, 185, 189, 192, 195, 199, 200, 201, 205, 208, 210, 212, 215, 216, 217, 219, 221, 222, 223, 227, 234, 241, 242, 250, 252, 254, 257
--------------Fold 2----------------
Full feature hamming loss: 0.0450
Fold selected standard PSO hamming loss: 0.0460
Fold selected super simple PSO hamming loss: 0.0477
Time of standard PSO: 29.4000
Time of super simple PSO: 12.9500
Selection standard PSO ratio: 0.36
Selection super simple PSO ratio: 0.40
Selected features standard PSO: 0, 2, 3, 19, 24, 29, 31, 33, 34, 38, 41, 42, 44, 46, 51, 52, 58, 61, 64, 66, 67, 68, 72, 73, 78, 79, 80, 81, 83, 85, 86, 87, 88, 91, 98, 102, 106, 109, 111, 113, 115, 124, 129, 132, 133, 134, 135, 136, 137, 138, 141, 150, 153, 156, 157, 160, 163, 167, 168, 172, 176, 178, 182, 188, 190, 191, 196, 199, 200, 203, 207, 213, 217, 218, 220, 221, 229, 231, 232, 233, 234, 239, 242, 243, 244, 246, 248, 249, 250, 251, 253, 254, 256, 259
Selected features super simple PSO: 0, 3, 6, 8, 15, 25, 28, 30, 35, 37, 43, 44, 46, 47, 48, 50, 52, 55, 57, 58, 59, 61, 64, 67, 70, 72, 73, 74, 75, 78, 79, 84, 86, 87, 89, 92, 93, 94, 97, 101, 103, 104, 108, 112, 114, 115, 117, 119, 120, 121, 130, 135, 137, 138, 139, 140, 141, 142, 143, 145, 147, 156, 159, 162, 163, 166, 167, 169, 173, 175, 179, 182, 184, 186, 188, 194, 196, 197, 198, 201, 202, 206, 209, 212, 213, 218, 224, 226, 227, 235, 237, 239, 242, 245, 248, 249, 250, 252, 254, 255, 256, 257, 259
--------------Fold 3----------------
Full feature hamming loss: 0.0480
Fold selected standard PSO hamming loss: 0.0507
Fold selected super simple PSO hamming loss: 0.0502
Time of standard PSO: 26.7000
Time of super simple PSO: 12.3100
Selection standard PSO ratio: 0.30
Selection super simple PSO ratio: 0.40
Selected features standard PSO: 0, 9, 12, 17, 18, 21, 22, 24, 25, 26, 27, 29, 32, 38, 43, 47, 48, 51, 53, 54, 55, 56, 58, 59, 68, 79, 83, 88, 89, 93, 99, 100, 109, 111, 122, 125, 126, 131, 134, 138, 139, 143, 145, 147, 148, 149, 151, 152, 159, 162, 168, 169, 174, 177, 182, 185, 188, 189, 194, 196, 201, 203, 208, 209, 214, 215, 216, 220, 221, 227, 234, 235, 238, 245, 247, 253, 255, 256, 259
Selected features super simple PSO: 0, 1, 2, 6, 8, 14, 16, 20, 27, 28, 31, 34, 39, 40, 45, 47, 48, 50, 52, 57, 58, 63, 64, 68, 69, 70, 73, 76, 77, 79, 83, 84, 85, 87, 88, 90, 91, 96, 97, 100, 108, 110, 113, 117, 122, 123, 124, 126, 129, 130, 134, 135, 136, 139, 142, 143, 144, 145, 146, 149, 151, 154, 155, 156, 158, 159, 164, 165, 168, 169, 170, 176, 184, 185, 188, 191, 193, 194, 197, 200, 201, 203, 205, 206, 207, 209, 211, 215, 216, 219, 222, 224, 228, 232, 235, 238, 240, 242, 246, 249, 252, 255, 258
--------------Average----------------
Ave Full Accuracy hamming loss: 0.0478
Ave Standard PSO Selection Accuracy hamming loss: 0.0490
Ave Super simple PSO Selection Accuracy  hamming loss: 0.0495
Ave time of Standard PSO: 27.6633
Ave time of Super simple PSO: 13.0667
Ave Standard PSO Feature Ratio: 0.34
Ave Super simple PSO Feature Ratio: 0.39
