--------------Fold 1----------------
Full feature hamming loss: 0.0193
Fold selected standard PSO hamming loss: 0.0215
Fold selected super simple PSO hamming loss: 0.0201
Time of standard PSO: 80.7700
Time of super simple PSO: 26.7800
Selection standard PSO ratio: 0.34
Selection super simple PSO ratio: 0.33
Selected features standard PSO: 1, 8, 16, 22, 27, 28, 29, 36, 42, 45, 46, 47, 52, 55, 56, 58, 61, 64, 65, 67, 69, 71, 72, 73, 75, 76, 77, 78, 79, 84, 88, 96, 105, 108, 110, 112, 114, 115, 118, 122, 123, 127, 131, 132, 134, 136, 137, 139, 140, 150, 152, 153, 156, 157, 158, 161, 164, 171, 173, 176, 179, 181, 185, 188, 190, 193, 194, 195, 197, 203, 204, 207, 212, 216, 217, 218, 220, 223, 228, 230, 231, 239, 240, 255, 257, 265, 268, 270, 275, 277, 280, 281, 283, 284, 286, 288, 290, 297, 301, 302, 304, 312, 313, 314, 318, 319, 324, 332, 334, 337, 344, 348, 352, 354, 355, 357, 359, 360, 361, 370, 375, 377, 378, 379, 380, 381, 383, 385, 394, 396, 399, 402, 403, 406, 407, 409, 413, 419, 428, 434, 436, 442, 443, 446, 457, 464, 475, 477, 478, 479, 482, 488, 489, 492, 494, 495, 496, 497, 502, 504, 505, 506, 510, 517, 518, 519, 524, 525, 527, 528, 530, 531, 535, 536, 539, 546, 547, 552, 554, 562, 565, 571, 574, 575, 583, 587, 588, 595, 600, 601, 603, 606, 613, 615, 616, 621, 622, 625, 627, 629, 633, 634, 635, 637, 639, 646, 649, 652, 653, 656, 663, 664, 666, 667, 670, 671, 677, 683, 686, 687, 688, 689, 695, 697, 698, 700, 708, 709, 710, 711, 720, 721, 723, 726, 729, 731, 733, 736, 743, 754, 758, 764, 765, 769, 775, 777, 778, 782, 784, 785, 789, 790, 794, 798, 799, 800, 808, 809, 813, 817, 821, 823, 830, 831, 832, 833, 838, 839, 841, 846, 848, 851, 853, 854, 855, 856, 858, 862, 866, 871, 880, 885, 887, 888, 890, 896, 901, 907, 908, 909, 911, 913, 919, 921, 922, 923, 924, 925, 928, 929, 930, 936, 938, 939, 941, 942, 943, 950, 952, 955, 957, 958, 964, 969, 970, 972, 974, 975, 977, 978, 982, 983, 984, 985, 986, 987, 988, 990, 996, 1000, 1002, 1004, 1005, 1007, 1015, 1016, 1017, 1018, 1020, 1021, 1022, 1023, 1025, 1026, 1028, 1033, 1040, 1041, 1043, 1044, 1046, 1052, 1060, 1063, 1064, 1072, 1075, 1078, 1079, 1080, 1084, 1087, 1089, 1095, 1098, 1099, 1103, 1106, 1108, 1112, 1115, 1116, 1118, 1120, 1132, 1138, 1143, 1145, 1147, 1148, 1151, 1153, 1160, 1162, 1165, 1167, 1173, 1174, 1176, 1184, 1186, 1197, 1198, 1200, 1203, 1205, 1206, 1211, 1212, 1213, 1215, 1219, 1220, 1221, 1222, 1230, 1231, 1235, 1236, 1240, 1250, 1252, 1253, 1258, 1260, 1262, 1263, 1264, 1266, 1270, 1272, 1273, 1274, 1277, 1278, 1279, 1281, 1283, 1284, 1286, 1291, 1295, 1299, 1303, 1307, 1308, 1309, 1312, 1314, 1315, 1316, 1318, 1320, 1321, 1322, 1323, 1329, 1330, 1334, 1341, 1343, 1344, 1345, 1346, 1347, 1350, 1352, 1354, 1356, 1358, 1361, 1362, 1370, 1384, 1385, 1386, 1387, 1388, 1389, 1394, 1395, 1397, 1401, 1406, 1408, 1411, 1414, 1420, 1421, 1423, 1425, 1426, 1428, 1429, 1431, 1434, 1435, 1437, 1438, 1440, 1441, 1443, 1445
Selected features super simple PSO: 1, 8, 9, 14, 15, 21, 23, 27, 31, 34, 35, 38, 39, 44, 47, 49, 55, 57, 66, 70, 72, 74, 81, 84, 86, 88, 90, 93, 95, 98, 101, 102, 104, 110, 115, 118, 120, 121, 122, 126, 130, 134, 138, 142, 151, 153, 157, 164, 165, 168, 171, 175, 176, 177, 180, 184, 189, 191, 195, 197, 203, 205, 208, 215, 217, 219, 223, 239, 244, 249, 251, 259, 263, 264, 268, 270, 274, 277, 279, 284, 286, 288, 289, 290, 291, 292, 295, 304, 307, 308, 309, 314, 315, 317, 328, 330, 331, 337, 338, 340, 342, 348, 351, 354, 355, 356, 359, 362, 363, 364, 369, 372, 373, 374, 375, 380, 382, 385, 387, 389, 392, 397, 399, 401, 404, 406, 410, 411, 412, 415, 419, 421, 428, 429, 434, 435, 438, 440, 444, 447, 451, 453, 455, 456, 457, 468, 471, 472, 474, 476, 478, 482, 486, 487, 488, 489, 491, 498, 501, 502, 503, 507, 508, 513, 517, 518, 519, 520, 526, 529, 532, 534, 539, 541, 542, 546, 547, 549, 552, 559, 560, 562, 566, 567, 568, 574, 581, 583, 584, 585, 587, 589, 595, 599, 606, 609, 613, 614, 615, 624, 625, 626, 627, 628, 631, 634, 636, 640, 641, 643, 644, 652, 653, 660, 661, 665, 666, 667, 668, 670, 676, 681, 682, 683, 685, 686, 692, 693, 697, 698, 699, 700, 704, 705, 707, 708, 711, 712, 714, 717, 720, 726, 732, 734, 739, 741, 744, 745, 750, 753, 756, 758, 763, 764, 768, 772, 775, 776, 778, 779, 780, 781, 785, 790, 795, 804, 805, 809, 813, 816, 817, 825, 833, 835, 839, 840, 841, 842, 844, 845, 846, 848, 851, 855, 856, 859, 865, 870, 871, 872, 873, 876, 880, 884, 887, 894, 895, 896, 897, 901, 902, 904, 908, 914, 915, 918, 920, 924, 934, 935, 939, 943, 947, 949, 952, 954, 955, 958, 959, 964, 966, 968, 971, 972, 976, 978, 981, 985, 986, 989, 990, 1001, 1006, 1007, 1009, 1013, 1017, 1019, 1021, 1026, 1028, 1029, 1033, 1034, 1040, 1045, 1046, 1049, 1052, 1057, 1059, 1061, 1063, 1064, 1066, 1073, 1074, 1075, 1076, 1078, 1080, 1083, 1084, 1089, 1090, 1092, 1094, 1097, 1101, 1113, 1116, 1117, 1119, 1120, 1121, 1123, 1126, 1128, 1129, 1130, 1138, 1142, 1145, 1147, 1153, 1154, 1157, 1160, 1165, 1166, 1173, 1181, 1182, 1183, 1184, 1191, 1195, 1211, 1212, 1214, 1216, 1218, 1220, 1224, 1225, 1236, 1248, 1251, 1253, 1254, 1263, 1265, 1266, 1268, 1274, 1281, 1283, 1284, 1285, 1287, 1301, 1305, 1309, 1310, 1312, 1313, 1315, 1316, 1317, 1321, 1322, 1328, 1330, 1331, 1338, 1343, 1345, 1346, 1347, 1351, 1354, 1357, 1358, 1360, 1363, 1364, 1373, 1374, 1376, 1378, 1379, 1381, 1382, 1383, 1385, 1386, 1387, 1391, 1396, 1397, 1401, 1402, 1407, 1411, 1414, 1417, 1421, 1424, 1428, 1431, 1433, 1437, 1441, 1443, 1445, 1446, 1448
--------------Fold 2----------------
Full feature hamming loss: 0.0181
Fold selected standard PSO hamming loss: 0.0223
Fold selected super simple PSO hamming loss: 0.0222
Time of standard PSO: 81.6700
Time of super simple PSO: 26.0400
Selection standard PSO ratio: 0.36
Selection super simple PSO ratio: 0.44
Selected features standard PSO: 0, 2, 3, 6, 8, 14, 19, 26, 27, 28, 31, 32, 33, 36, 37, 38, 40, 41, 42, 43, 44, 49, 52, 56, 58, 59, 60, 68, 71, 72, 75, 77, 79, 81, 83, 88, 90, 91, 92, 93, 95, 96, 98, 100, 103, 104, 105, 106, 109, 110, 115, 117, 120, 123, 125, 130, 131, 137, 139, 142, 143, 145, 146, 147, 150, 151, 156, 158, 164, 169, 170, 171, 176, 177, 180, 181, 185, 188, 189, 191, 194, 196, 197, 199, 200, 201, 205, 206, 208, 210, 213, 219, 220, 222, 223, 224, 228, 244, 249, 254, 256, 264, 265, 266, 268, 275, 276, 278, 279, 282, 289, 293, 295, 296, 297, 300, 306, 307, 311, 313, 314, 318, 319, 320, 322, 325, 326, 332, 333, 336, 337, 340, 342, 343, 347, 351, 353, 355, 356, 359, 364, 366, 368, 374, 375, 378, 383, 386, 387, 390, 392, 393, 397, 402, 403, 404, 406, 408, 411, 413, 414, 415, 416, 420, 428, 434, 439, 440, 443, 445, 447, 449, 452, 457, 458, 462, 464, 465, 471, 474, 475, 476, 477, 479, 483, 484, 487, 491, 492, 494, 496, 503, 507, 508, 509, 510, 512, 513, 515, 518, 523, 525, 530, 533, 536, 541, 544, 545, 557, 563, 564, 573, 578, 582, 583, 586, 588, 590, 592, 594, 596, 597, 598, 600, 604, 608, 614, 625, 632, 636, 637, 639, 640, 641, 643, 645, 646, 649, 653, 654, 657, 663, 664, 666, 670, 671, 672, 673, 674, 679, 680, 681, 684, 687, 690, 691, 692, 697, 698, 703, 704, 705, 710, 712, 717, 720, 723, 724, 725, 726, 731, 732, 741, 744, 745, 749, 755, 758, 763, 764, 768, 776, 777, 778, 780, 781, 786, 788, 795, 796, 801, 805, 806, 808, 809, 810, 820, 821, 822, 827, 838, 840, 844, 847, 849, 850, 860, 861, 864, 867, 868, 870, 871, 875, 876, 878, 879, 885, 887, 888, 892, 894, 900, 907, 909, 918, 919, 920, 923, 929, 930, 935, 939, 941, 944, 947, 952, 953, 954, 957, 959, 960, 964, 965, 971, 974, 976, 980, 981, 983, 986, 987, 988, 990, 991, 992, 993, 994, 995, 997, 1003, 1006, 1007, 1009, 1012, 1013, 1014, 1015, 1017, 1024, 1029, 1031, 1033, 1034, 1038, 1039, 1040, 1042, 1045, 1050, 1051, 1053, 1054, 1055, 1057, 1066, 1068, 1069, 1073, 1074, 1078, 1080, 1083, 1085, 1089, 1090, 1093, 1095, 1097, 1098, 1099, 1102, 1103, 1104, 1105, 1106, 1118, 1122, 1123, 1125, 1126, 1127, 1131, 1133, 1135, 1141, 1146, 1151, 1154, 1157, 1159, 1160, 1161, 1162, 1170, 1171, 1177, 1178, 1186, 1187, 1190, 1191, 1196, 1201, 1203, 1213, 1215, 1217, 1218, 1219, 1221, 1223, 1228, 1229, 1231, 1241, 1244, 1245, 1256, 1258, 1268, 1270, 1271, 1272, 1273, 1276, 1278, 1279, 1280, 1284, 1286, 1287, 1288, 1289, 1290, 1292, 1293, 1296, 1301, 1303, 1304, 1306, 1310, 1314, 1315, 1318, 1320, 1321, 1322, 1327, 1328, 1332, 1334, 1343, 1346, 1347, 1348, 1351, 1352, 1359, 1360, 1362, 1365, 1368, 1369, 1370, 1373, 1379, 1386, 1388, 1389, 1390, 1391, 1392, 1396, 1397, 1401, 1403, 1405, 1412, 1415, 1416, 1419, 1423, 1426, 1428, 1432, 1433, 1435, 1440, 1441
Selected features super simple PSO: 3, 4, 6, 7, 9, 10, 16, 17, 20, 22, 23, 32, 37, 39, 42, 43, 46, 49, 51, 52, 54, 55, 56, 57, 63, 65, 66, 67, 71, 73, 77, 78, 79, 80, 81, 82, 87, 88, 89, 92, 94, 96, 100, 101, 103, 104, 105, 106, 109, 110, 111, 112, 114, 116, 122, 123, 125, 126, 129, 130, 131, 132, 137, 138, 141, 142, 143, 144, 146, 151, 152, 157, 158, 159, 160, 161, 162, 166, 170, 172, 173, 175, 176, 178, 181, 182, 183, 185, 186, 187, 188, 190, 197, 199, 203, 205, 210, 211, 212, 216, 218, 223, 225, 227, 229, 230, 232, 238, 240, 241, 243, 247, 248, 249, 255, 257, 258, 259, 262, 264, 266, 267, 268, 271, 276, 280, 281, 282, 283, 292, 294, 297, 299, 301, 304, 306, 312, 313, 315, 317, 318, 319, 323, 325, 327, 333, 336, 338, 339, 343, 344, 348, 349, 351, 352, 355, 357, 359, 362, 363, 370, 371, 372, 373, 375, 377, 380, 381, 382, 383, 387, 388, 390, 391, 393, 394, 395, 400, 402, 406, 409, 411, 412, 414, 418, 420, 423, 425, 429, 435, 436, 438, 443, 446, 448, 449, 453, 455, 456, 459, 461, 463, 464, 465, 468, 471, 475, 476, 480, 482, 484, 486, 489, 493, 494, 496, 499, 502, 503, 506, 508, 509, 511, 512, 514, 515, 517, 523, 524, 525, 526, 527, 529, 531, 534, 537, 540, 541, 542, 543, 545, 546, 547, 549, 550, 552, 554, 555, 557, 567, 568, 569, 570, 571, 573, 574, 576, 577, 578, 580, 587, 588, 589, 592, 594, 595, 597, 598, 603, 606, 614, 615, 619, 620, 621, 624, 625, 626, 631, 632, 633, 636, 637, 641, 644, 645, 650, 651, 653, 655, 658, 660, 661, 664, 665, 668, 672, 673, 674, 675, 676, 678, 680, 683, 684, 689, 691, 693, 694, 697, 698, 705, 706, 707, 708, 709, 710, 711, 712, 715, 716, 718, 719, 720, 722, 724, 725, 728, 731, 734, 737, 738, 739, 740, 741, 746, 747, 749, 752, 757, 758, 761, 762, 765, 766, 767, 770, 773, 776, 780, 783, 784, 785, 786, 787, 788, 789, 790, 793, 797, 799, 800, 803, 807, 813, 814, 817, 819, 821, 824, 828, 833, 837, 841, 843, 848, 849, 850, 851, 854, 855, 859, 863, 865, 867, 868, 873, 878, 880, 881, 884, 889, 892, 893, 894, 895, 897, 899, 900, 902, 904, 905, 907, 909, 916, 917, 918, 922, 923, 927, 931, 932, 937, 939, 940, 943, 951, 953, 954, 955, 957, 959, 962, 967, 969, 970, 971, 972, 973, 974, 978, 980, 981, 984, 986, 989, 993, 994, 997, 999, 1002, 1007, 1009, 1012, 1014, 1023, 1025, 1028, 1029, 1030, 1032, 1033, 1034, 1036, 1037, 1039, 1040, 1041, 1046, 1047, 1049, 1050, 1053, 1054, 1055, 1059, 1060, 1062, 1064, 1065, 1066, 1067, 1070, 1071, 1073, 1074, 1075, 1077, 1082, 1084, 1087, 1090, 1091, 1092, 1094, 1097, 1099, 1104, 1109, 1112, 1113, 1114, 1117, 1118, 1119, 1120, 1123, 1126, 1129, 1130, 1136, 1137, 1138, 1140, 1143, 1145, 1148, 1150, 1153, 1155, 1161, 1165, 1166, 1167, 1168, 1172, 1175, 1176, 1178, 1184, 1186, 1189, 1190, 1191, 1192, 1194, 1195, 1196, 1197, 1198, 1199, 1202, 1203, 1208, 1212, 1217, 1219, 1222, 1224, 1227, 1228, 1232, 1233, 1240, 1241, 1242, 1245, 1247, 1252, 1256, 1257, 1258, 1262, 1265, 1268, 1270, 1271, 1272, 1273, 1278, 1279, 1286, 1287, 1291, 1292, 1293, 1294, 1295, 1297, 1300, 1313, 1314, 1317, 1318, 1321, 1322, 1324, 1325, 1327, 1330, 1338, 1339, 1341, 1345, 1346, 1350, 1353, 1355, 1356, 1359, 1362, 1366, 1367, 1368, 1369, 1372, 1377, 1378, 1379, 1381, 1382, 1384, 1386, 1387, 1388, 1393, 1394, 1395, 1397, 1398, 1399, 1403, 1405, 1408, 1409, 1410, 1411, 1413, 1414, 1416, 1419, 1423, 1425, 1428, 1432, 1436, 1437, 1440, 1441, 1442, 1445, 1448
--------------Fold 3----------------
Full feature hamming loss: 0.0182
Fold selected standard PSO hamming loss: 0.0216
Fold selected super simple PSO hamming loss: 0.0218
Time of standard PSO: 74.0700
Time of super simple PSO: 25.8000
Selection standard PSO ratio: 0.39
Selection super simple PSO ratio: 0.41
Selected features standard PSO: 5, 6, 11, 12, 13, 16, 19, 20, 21, 25, 27, 28, 32, 33, 34, 37, 39, 40, 45, 46, 47, 48, 51, 53, 54, 58, 60, 62, 65, 66, 68, 69, 72, 75, 78, 80, 81, 86, 87, 94, 97, 103, 105, 117, 118, 122, 124, 129, 133, 138, 142, 145, 147, 150, 151, 153, 155, 158, 159, 167, 171, 174, 175, 176, 177, 178, 179, 186, 189, 193, 195, 199, 200, 201, 202, 204, 206, 212, 215, 217, 219, 224, 228, 230, 234, 235, 238, 246, 248, 250, 252, 254, 257, 260, 263, 265, 267, 269, 272, 274, 275, 277, 281, 283, 285, 287, 291, 293, 295, 301, 302, 303, 306, 308, 310, 312, 314, 316, 317, 325, 326, 328, 329, 333, 334, 336, 339, 340, 343, 345, 350, 355, 356, 358, 359, 360, 364, 365, 370, 373, 375, 379, 382, 387, 388, 389, 390, 392, 397, 403, 405, 408, 409, 411, 412, 413, 414, 415, 417, 419, 426, 427, 429, 432, 433, 439, 440, 441, 443, 447, 448, 452, 455, 459, 461, 462, 467, 468, 475, 478, 483, 484, 485, 486, 488, 489, 495, 496, 499, 500, 502, 503, 504, 507, 509, 514, 516, 517, 519, 521, 525, 526, 530, 532, 535, 536, 537, 539, 541, 547, 548, 549, 552, 555, 558, 560, 562, 564, 566, 569, 577, 580, 581, 584, 588, 590, 591, 593, 603, 605, 612, 613, 615, 618, 627, 629, 630, 631, 632, 636, 640, 644, 647, 649, 652, 653, 656, 658, 659, 661, 663, 665, 666, 667, 668, 671, 672, 673, 674, 678, 680, 685, 689, 690, 692, 695, 697, 699, 702, 709, 711, 722, 728, 729, 730, 731, 734, 737, 738, 741, 742, 743, 744, 749, 750, 754, 759, 764, 767, 769, 772, 773, 779, 784, 787, 791, 792, 795, 798, 801, 808, 809, 811, 812, 813, 815, 819, 822, 823, 824, 827, 829, 831, 834, 837, 843, 844, 847, 848, 850, 851, 855, 856, 857, 859, 860, 861, 863, 865, 866, 868, 870, 872, 873, 879, 880, 881, 883, 884, 888, 890, 892, 894, 897, 898, 904, 905, 917, 918, 919, 924, 929, 931, 933, 935, 937, 940, 941, 943, 945, 946, 948, 949, 951, 953, 954, 956, 961, 964, 968, 972, 974, 975, 976, 979, 983, 984, 986, 988, 990, 995, 1005, 1006, 1008, 1009, 1011, 1013, 1017, 1018, 1025, 1026, 1029, 1030, 1031, 1032, 1033, 1036, 1040, 1041, 1044, 1047, 1050, 1052, 1057, 1058, 1059, 1061, 1063, 1064, 1069, 1073, 1077, 1079, 1086, 1089, 1091, 1092, 1094, 1109, 1110, 1112, 1115, 1117, 1124, 1128, 1131, 1134, 1135, 1138, 1140, 1144, 1145, 1146, 1147, 1150, 1151, 1152, 1153, 1156, 1159, 1161, 1163, 1164, 1174, 1176, 1177, 1178, 1179, 1181, 1183, 1184, 1188, 1193, 1194, 1199, 1202, 1203, 1207, 1208, 1211, 1212, 1213, 1221, 1223, 1225, 1227, 1230, 1233, 1234, 1239, 1242, 1244, 1256, 1259, 1261, 1262, 1265, 1267, 1273, 1274, 1275, 1277, 1278, 1279, 1281, 1284, 1287, 1289, 1290, 1293, 1295, 1296, 1299, 1302, 1303, 1304, 1306, 1307, 1308, 1309, 1311, 1312, 1315, 1322, 1323, 1324, 1326, 1327, 1328, 1331, 1332, 1333, 1336, 1338, 1339, 1340, 1343, 1344, 1348, 1349, 1350, 1352, 1355, 1358, 1363, 1365, 1369, 1371, 1373, 1374, 1375, 1376, 1377, 1378, 1381, 1386, 1388, 1389, 1390, 1393, 1394, 1395, 1398, 1400, 1401, 1402, 1405, 1406, 1407, 1408, 1409, 1410, 1417, 1421, 1425, 1426, 1427, 1429, 1434, 1439, 1440, 1441, 1445, 1446, 1447
Selected features super simple PSO: 1, 2, 4, 11, 12, 15, 17, 18, 24, 32, 34, 38, 44, 46, 48, 49, 51, 52, 55, 58, 60, 61, 62, 71, 72, 73, 74, 76, 77, 84, 87, 89, 91, 95, 96, 98, 100, 101, 104, 105, 106, 107, 109, 111, 117, 118, 120, 121, 124, 125, 127, 132, 133, 136, 137, 138, 139, 141, 146, 147, 152, 153, 154, 155, 156, 161, 165, 167, 168, 171, 173, 176, 177, 178, 179, 180, 181, 182, 185, 192, 198, 200, 205, 206, 207, 211, 213, 218, 220, 222, 224, 225, 226, 228, 233, 236, 238, 242, 243, 244, 250, 253, 254, 259, 261, 262, 263, 266, 271, 276, 277, 281, 283, 285, 287, 289, 292, 294, 295, 301, 307, 308, 310, 312, 313, 314, 318, 320, 322, 328, 331, 333, 334, 338, 340, 341, 343, 344, 346, 347, 352, 354, 357, 358, 365, 367, 368, 370, 372, 375, 377, 378, 382, 383, 386, 388, 389, 390, 395, 397, 401, 404, 409, 413, 415, 418, 420, 422, 424, 432, 433, 434, 438, 441, 443, 444, 448, 450, 454, 456, 459, 460, 463, 466, 470, 471, 475, 477, 479, 481, 484, 485, 487, 489, 494, 498, 501, 503, 504, 506, 507, 510, 512, 518, 519, 520, 521, 522, 524, 526, 527, 535, 536, 537, 538, 541, 542, 544, 545, 546, 547, 549, 550, 552, 558, 563, 564, 565, 566, 568, 569, 571, 572, 573, 575, 582, 583, 584, 587, 589, 590, 592, 593, 601, 609, 610, 613, 614, 616, 619, 620, 621, 626, 627, 628, 629, 631, 632, 634, 636, 639, 640, 645, 646, 648, 650, 653, 655, 656, 659, 660, 663, 667, 668, 669, 670, 671, 673, 675, 678, 679, 681, 684, 686, 688, 689, 692, 693, 700, 701, 702, 703, 704, 706, 707, 708, 710, 711, 712, 714, 715, 717, 719, 720, 723, 726, 729, 732, 733, 734, 735, 736, 741, 742, 744, 747, 752, 753, 756, 757, 760, 761, 763, 767, 771, 775, 779, 781, 782, 783, 785, 788, 792, 794, 795, 796, 798, 807, 808, 809, 812, 814, 816, 819, 823, 828, 836, 838, 843, 844, 845, 846, 849, 850, 854, 858, 860, 862, 863, 868, 873, 875, 876, 879, 884, 887, 888, 890, 892, 895, 897, 899, 900, 902, 904, 906, 911, 912, 913, 917, 918, 922, 923, 924, 926, 927, 932, 934, 946, 948, 950, 952, 954, 957, 961, 962, 964, 967, 968, 969, 975, 976, 979, 981, 984, 988, 989, 992, 994, 997, 999, 1002, 1004, 1006, 1007, 1009, 1010, 1018, 1020, 1023, 1029, 1031, 1032, 1035, 1036, 1042, 1044, 1045, 1048, 1049, 1050, 1055, 1057, 1059, 1060, 1062, 1065, 1066, 1069, 1070, 1072, 1077, 1079, 1081, 1082, 1083, 1084, 1086, 1087, 1089, 1092, 1094, 1099, 1104, 1106, 1107, 1108, 1109, 1112, 1113, 1114, 1115, 1118, 1119, 1121, 1124, 1125, 1129, 1131, 1132, 1133, 1135, 1140, 1143, 1145, 1148, 1156, 1160, 1161, 1162, 1163, 1166, 1167, 1170, 1171, 1173, 1179, 1184, 1185, 1186, 1187, 1190, 1191, 1192, 1193, 1194, 1197, 1198, 1203, 1207, 1214, 1217, 1219, 1222, 1223, 1227, 1228, 1235, 1236, 1237, 1240, 1242, 1247, 1251, 1257, 1260, 1265, 1266, 1267, 1268, 1273, 1274, 1281, 1282, 1286, 1287, 1288, 1290, 1295, 1304, 1308, 1309, 1312, 1313, 1314, 1315, 1316, 1319, 1320, 1322, 1325, 1333, 1334, 1336, 1340, 1341, 1348, 1350, 1351, 1353, 1354, 1357, 1361, 1362, 1363, 1367, 1372, 1373, 1374, 1376, 1377, 1379, 1381, 1382, 1383, 1388, 1389, 1390, 1392, 1393, 1394, 1398, 1399, 1400, 1403, 1404, 1405, 1406, 1408, 1409, 1414, 1420, 1427, 1428, 1431, 1432, 1434, 1435, 1436, 1440, 1441, 1443, 1444, 1445, 1446, 1447
--------------Average----------------
Ave Full Accuracy hamming loss: 0.0186
Ave Standard PSO Selection Accuracy hamming loss: 0.0218
Ave Super simple PSO Selection Accuracy  hamming loss: 0.0214
Ave time of Standard PSO: 78.8367
Ave time of Super simple PSO: 26.2067
Ave Standard PSO Feature Ratio: 0.36
Ave Super simple PSO Feature Ratio: 0.39
