--------------Fold 1----------------
Full feature hamming loss: 0.0482
Fold selected standard PSO hamming loss: 0.0443
Fold selected super simple PSO hamming loss: 0.0507
Time of standard PSO: 26.7000
Time of super simple PSO: 12.2800
Selection standard PSO ratio: 0.40
Selection super simple PSO ratio: 0.40
Selected features standard PSO: 4, 5, 7, 9, 10, 11, 12, 13, 16, 19, 21, 22, 24, 28, 32, 33, 34, 35, 37, 39, 41, 43, 44, 46, 48, 49, 51, 53, 54, 59, 61, 64, 65, 66, 68, 79, 81, 84, 86, 89, 90, 91, 92, 101, 105, 106, 109, 112, 113, 114, 116, 117, 123, 127, 131, 134, 135, 138, 144, 145, 151, 152, 156, 160, 162, 165, 167, 168, 170, 171, 172, 175, 180, 181, 182, 187, 188, 189, 191, 192, 193, 196, 197, 199, 200, 202, 207, 208, 211, 213, 214, 219, 223, 229, 235, 236, 242, 245, 247, 248, 249, 252, 253, 258
Selected features super simple PSO: 2, 4, 10, 11, 16, 22, 23, 25, 30, 31, 36, 37, 38, 40, 41, 43, 46, 47, 49, 51, 53, 55, 57, 60, 65, 66, 67, 68, 73, 74, 79, 84, 89, 99, 102, 103, 105, 106, 108, 109, 110, 112, 113, 114, 115, 116, 117, 120, 123, 126, 127, 131, 132, 134, 137, 141, 147, 148, 149, 150, 156, 163, 164, 166, 167, 169, 170, 174, 175, 180, 183, 187, 193, 194, 197, 198, 199, 201, 202, 203, 207, 212, 215, 216, 218, 221, 222, 224, 225, 226, 228, 229, 231, 234, 236, 237, 239, 243, 245, 250, 253, 256, 257, 259
--------------Fold 2----------------
Full feature hamming loss: 0.0529
Fold selected standard PSO hamming loss: 0.0553
Fold selected super simple PSO hamming loss: 0.0551
Time of standard PSO: 25.7900
Time of super simple PSO: 12.2600
Selection standard PSO ratio: 0.36
Selection super simple PSO ratio: 0.37
Selected features standard PSO: 3, 4, 6, 11, 12, 17, 19, 21, 22, 27, 28, 30, 32, 34, 38, 40, 46, 47, 49, 51, 54, 56, 60, 65, 70, 80, 83, 84, 87, 88, 90, 91, 93, 96, 98, 100, 101, 107, 108, 110, 112, 113, 115, 118, 128, 129, 130, 131, 137, 138, 144, 145, 147, 148, 150, 151, 155, 156, 157, 161, 164, 168, 175, 177, 178, 180, 183, 184, 186, 188, 192, 193, 194, 196, 197, 199, 202, 203, 205, 206, 207, 215, 217, 221, 224, 226, 232, 234, 237, 246, 254, 255, 257, 258
Selected features super simple PSO: 3, 6, 9, 14, 18, 19, 20, 21, 23, 29, 31, 32, 35, 38, 39, 40, 41, 45, 49, 53, 57, 58, 62, 63, 64, 67, 69, 76, 87, 88, 89, 91, 93, 95, 104, 106, 107, 112, 113, 115, 117, 140, 141, 142, 143, 144, 148, 150, 153, 156, 158, 159, 160, 168, 170, 171, 172, 176, 178, 179, 181, 182, 183, 187, 190, 193, 196, 198, 200, 201, 202, 203, 208, 211, 212, 215, 216, 217, 218, 221, 222, 223, 225, 233, 234, 235, 238, 239, 241, 245, 247, 249, 254, 255, 258
--------------Fold 3----------------
Full feature hamming loss: 0.0468
Fold selected standard PSO hamming loss: 0.0492
Fold selected super simple PSO hamming loss: 0.0561
Time of standard PSO: 26.4100
Time of super simple PSO: 12.7800
Selection standard PSO ratio: 0.46
Selection super simple PSO ratio: 0.35
Selected features standard PSO: 4, 5, 6, 9, 12, 13, 14, 15, 16, 20, 21, 30, 31, 34, 36, 38, 39, 43, 44, 49, 50, 51, 53, 55, 57, 59, 62, 65, 66, 68, 69, 74, 75, 76, 78, 84, 85, 86, 87, 90, 91, 95, 96, 98, 100, 101, 102, 103, 104, 105, 111, 112, 113, 117, 118, 119, 120, 121, 122, 123, 124, 129, 130, 131, 136, 140, 141, 145, 146, 147, 148, 150, 153, 154, 155, 159, 160, 164, 165, 166, 171, 174, 175, 177, 178, 179, 181, 182, 183, 185, 189, 191, 194, 195, 196, 198, 202, 203, 205, 215, 217, 218, 219, 220, 221, 223, 224, 226, 227, 228, 230, 232, 233, 240, 241, 245, 252, 253, 257, 258
Selected features super simple PSO: 1, 4, 7, 9, 21, 25, 28, 32, 35, 36, 40, 41, 43, 46, 49, 53, 56, 59, 60, 61, 65, 66, 68, 74, 81, 94, 96, 97, 99, 100, 102, 104, 109, 111, 114, 115, 116, 119, 121, 132, 136, 137, 141, 144, 146, 147, 152, 155, 156, 157, 160, 161, 165, 166, 171, 172, 176, 178, 186, 187, 189, 192, 195, 197, 198, 201, 203, 208, 209, 210, 212, 213, 214, 215, 216, 217, 222, 225, 226, 230, 231, 233, 235, 237, 239, 241, 243, 246, 250, 253, 254, 255
--------------Average----------------
Ave Full Accuracy hamming loss: 0.0493
Ave Standard PSO Selection Accuracy hamming loss: 0.0496
Ave Super simple PSO Selection Accuracy  hamming loss: 0.0539
Ave time of Standard PSO: 26.3000
Ave time of Super simple PSO: 12.4400
Ave Standard PSO Feature Ratio: 0.41
Ave Super simple PSO Feature Ratio: 0.37
